0 0.1591796875 0.6113126421875 0.0068359375 0.550148640625 0 0.5511351578125 0.001382465625 0.5957562734375 0.018464796875 0.601957146875 0.14433502812500001 0.651759609375 0.150390625 0.64584070625 0.16015625 0.6201912859375 0.1591796875 0.6113126421875
0 0.1630859375 0.61525870625 0.150058396875 0.6479306671875 0.1645154390625 0.6529768109375 0.1604837453125 0.659786284375 0.2333195515625 0.6875481390625 0.24399226718749997 0.6589136875 0.248046875 0.6478137390625001 0.1845703125 0.6211778031249999 0.1630859375 0.61525870625
0 0.046030329687499996 0.83881961875 0.0009765625 0.8283461921875 0 0.8648472890625 0.012296565625 0.8689070531249999 0.025911759375 0.8737516734374999 0.0387908375 0.8690098296875 0.058075537499999996 0.8732861546875 0.0625 0.8510360640625001 0.046030329687499996 0.83881961875
0 0.06935471875 0.9636989281250001 0.063983359375 0.979592378125 0.0625 0.987175290625 0.0673859703125 0.9893506500000001 0.0830078125 0.994080903125 0.09375 0.9674449671875 0.0888671875 0.9625123875 0.0732421875 0.958566321875 0.06935471875 0.9636989281250001
0 0.0322265625 0.952647225 0.025390625 0.9536337421875001 0.0203387203125 0.9738306953125001 0.024023787499999998 0.9756318125 0.031721421875 0.9781372640624999 0.037109375 0.95757980625 0.0322265625 0.952647225
0 0.0205078125 0.9921078703124999 0.0234375 0.9773101296875 0.0009765625 0.9704045156250001 0.0009765625 0.9861887734374999 0.0205078125 0.9921078703124999
0 0.4072265625 0.7612630953124999 0.4011188203125 0.77392645 0.3996925609375 0.776738634375 0.3982127796875 0.7846016421875001 0.4195328984375 0.7929585546875 0.4248379765625 0.7808557171875 0.427734375 0.7701417390625 0.417936675 0.765616296875 0.4072265625 0.7612630953124999
0 0.8873058437499999 0.37814489375 0.8828125 0.38145438125000003 0.87782618125 0.3840513015625 0.884765625 0.39526560625 0.8890596093750001 0.4015651578125 0.8916015625 0.4001981875 0.9072265625 0.3903330265625 0.91015625 0.387373478125 0.9040059546875 0.3788446890625 0.9013671875 0.37454876875 0.89910808125 0.3713502046875 0.8873058437499999 0.37814489375
0 0.8349609375 0.2265713484375 0.8270495562500001 0.232327125 0.8056319234375 0.24604239843750003 0.80993124375 0.25255407343749997 0.8203125 0.267018509375 0.830078125 0.28477579999999997 0.8330078125 0.2877353484375 0.8369140625 0.2877353484375 0.87890625 0.25912638125 0.8807047921875 0.257642025 0.869140625 0.2413690890625 0.8674343234374999 0.23859255468749999 0.882715834375 0.2277013203125 0.87984733125 0.2245660046875 0.8687750171875 0.2045064 0.865473921875 0.1990932984375 0.8603515625 0.200921928125 0.8420898796875 0.21361060781250002 0.8472767015624999 0.21907313281250002 0.8349609375 0.2265713484375
0 0.75922605 0.189409021875 0.7494025890625 0.19093506093749998 0.751953125 0.1999354125 0.763671875 0.22361179999999997 0.7705078125 0.22854437968750002 0.7802734375 0.2206522515625 0.8173828125 0.200921928125 0.818359375 0.1940163140625 0.8172733031250001 0.1890734671875 0.81640625 0.1861241859375 0.813964484375 0.181392984375 0.8088325953125001 0.18177275937499998 0.8037109375 0.1831646375 0.797528534375 0.184328875 0.7900390625 0.1851376703125 0.7783203125 0.1851376703125 0.75922605 0.189409021875
0 0.7532075171875 0.1625429390625 0.7470703125 0.1634343140625 0.7455015296874999 0.1647487578125 0.7466362265625001 0.1778466796875 0.748046875 0.182178121875 0.748046875 0.18809721875000002 0.7509765625 0.1910567671875 0.7685546875 0.1871107015625 0.765625 0.16244779843749999 0.7591110343749999 0.1623105640625 0.7532075171875 0.1625429390625
0 0.7958984375 0.1614612828125 0.768946228125 0.1644282078125 0.7662982640625 0.16419610625 0.767578125 0.182178121875 0.769134378125 0.1873629953125 0.7763671875 0.1871107015625 0.7783203125 0.1851376703125 0.8017578125 0.1831646375 0.8058506828124999 0.182324384375 0.8205378078125 0.1811766703125 0.819259959375 0.1628443140625 0.8173828125 0.15948825 0.7998727125 0.1607529640625 0.7958984375 0.1614612828125
0 0.726754803125 0.11434922656249999 0.7149444359375 0.1150182125 0.7148969203125 0.128265178125 0.7145242281249999 0.1360237609375 0.7278068078125 0.13537427500000002 0.7285796625 0.141952384375 0.752287496875 0.1412217203125 0.7566816249999999 0.1404539171875 0.7678186203124999 0.140531165625 0.768061390625 0.1356075203125 0.7657264890625 0.10856085 0.764982809375 0.10669365625 0.7620463296875 0.0665167515625 0.761076559375 0.06525997812499999 0.7586074546875 0.040820801562499995 0.7564529609374999 0.04058380625 0.752287496875 0.040597074999999996 0.7421963296875 0.0409625484375 0.7413232484375001 0.029808037500000002 0.720060934375 0.0317184296875 0.7217731859375001 0.05288354375 0.722014059375 0.0553948171875 0.7234807437499999 0.0713526484375 0.723967184375 0.0751251390625 0.7256857218749999 0.10861934843750001 0.726754803125 0.11434922656249999
0 0.8084399078125 0.0179883296875 0.80859375 0.026308571875 0.80796080625 0.0387481 0.8095703125 0.03913328125 0.8466796875 0.041106314062499996 0.8515397234375 0.0409126890625 0.855251003125 0.0409892015625 0.8601089578125001 0.0415381328125 0.860789740625 0.0367454328125 0.86098525625 0.020262350000000002 0.8585871031250001 0.0200452671875 0.8251953125 0.019402959375 0.8228437953125001 0.0188486484375 0.8084399078125 0.0179883296875
0 0.5445329375 0.06793781875 0.54761465 0.073498140625 0.551904903125 0.081322965625 0.552820915625 0.083185996875 0.5550901515625 0.08689287812499999 0.5615234375 0.0845130234375 0.5738078421874999 0.077810196875 0.567914340625 0.064725128125 0.5641661906250001 0.0567792671875 0.5445329375 0.06793781875
0 0.9072265625 0.1811916046875 0.8681640625 0.1851376703125 0.865234375 0.18809721875000002 0.8671875 0.20388147656250002 0.872884784375 0.21158908906249999 0.8880687765624999 0.2086866109375 0.916132275 0.203961234375 0.916015625 0.20388147656250002 0.9140625 0.1841511546875 0.9072265625 0.1811916046875
0 0.9560546875 0.212760121875 0.9462890625 0.212760121875 0.943359375 0.2157196703125 0.9453125 0.2393960578125 0.9482421875 0.24235560625 0.9641652765625001 0.24023132343750003 0.962890625 0.2295308953125 0.95996195 0.21883303281250002 0.9560546875 0.212760121875