0 0.41452359375 0.2919921875 0.41647889375 0.2861328125 0.41647889375 0.2763671875 0.37541759531249996 0.2236328125 0.3646634453125 0.212890625 0.3607528453125 0.212890625 0.3490210453125 0.220703125 0.3275127453125 0.240234375 0.3196915453125 0.2421875 0.3011161953125 0.2568359375 0.3011161953125 0.2607421875 0.3050267953125 0.2666015625 0.3187138953125 0.2822265625 0.3069820953125 0.2958984375 0.3089373953125 0.3017578125 0.3069820953125 0.3056640625 0.2864514453125 0.322265625 0.27960789531249997 0.3291015625 0.27960789531249997 0.3330078125 0.2952502953125 0.3544921875 0.3118703453125 0.37109375 0.3167585953125 0.3701171875 0.3353339453125 0.353515625 0.3431551453125 0.349609375 0.39594824375000004 0.30859375 0.41452359375 0.2919921875
0 0.1534910484375 0 0.152513396875 0.0029296875 0.1583792984375 0.0126953125 0.16815579687499999 0.0205078125 0.17011109687499998 0.0283203125 0.203351196875 0.0615234375 0.21117239687499997 0.0771484375 0.23854659687500002 0.1025390625 0.24441249687500002 0.1123046875 0.270809046875 0.140625 0.27765259531250003 0.1396484375 0.2903620453125 0.12890625 0.2981832453125 0.126953125 0.2991608953125 0.1220703125 0.3108926953125 0.1103515625 0.3108926953125 0.1064453125 0.3011161953125 0.0927734375 0.27765259531250003 0.0673828125 0.273741996875 0.0556640625 0.258099596875 0.0439453125 0.25223369687499997 0.0361328125 0.25027839687500003 0.0283203125 0.22192654687500002 0 0.1534910484375 0
0 0.3881270453125 0 0.38714939375 0.0048828125 0.38910469375 0.0087890625 0.40670239375 0.0244140625 0.40865769375000005 0.0302734375 0.43016599375000003 0.0517578125 0.44776369374999997 0.0751953125 0.45656254374999994 0.083984375 0.46340609375 0.0830078125 0.49860149218750005 0.0478515625 0.46731669374999996 0.0126953125 0.45949549375 0.0009765625 0.3881270453125 0
0 0.701952690625 0.1611328125 0.694131490625 0.1513671875 0.692176190625 0.1455078125 0.640360740625 0.080078125 0.6344948406250001 0.080078125 0.6012547421875001 0.10546875 0.5875676421875 0.09375 0.5523722421875 0.119140625 0.5396627921875 0.1318359375 0.5689922921874999 0.1728515625 0.5826793921875 0.1865234375 0.5885452921875001 0.1982421875 0.5963664921875 0.2060546875 0.6041876921875 0.2197265625 0.615919490625 0.2294921875 0.675556140625 0.18359375 0.681422040625 0.181640625 0.701952690625 0.1669921875 0.701952690625 0.1611328125
0 0.7762540890625 0.1904296875 0.7635446390625 0.173828125 0.7361704390625 0.189453125 0.7097738890625 0.2080078125 0.7254162890625 0.2294921875 0.7273715890625 0.2353515625 0.7322598390625 0.240234375 0.7332374890625 0.2392578125 0.7518128390625 0.2265625 0.7694105390625 0.220703125 0.7860305890625 0.2080078125 0.7762540890625 0.1904296875
0 1 0.0634765625 0.9981806359375 0.060546875 0.9884041359375001 0.060546875 0.9864488359375001 0.0625 0.9649405359375001 0.0625 0.9620075859374999 0.0654296875 0.9620075859374999 0.1044921875 0.9639628859375 0.1064453125 0.9639628859375 0.1220703125 0.9659181859375 0.1240234375 0.9659181859375 0.1318359375 0.9688511359374999 0.134765625 0.9981806359375 0.1328125 1 0.1279296875 1 0.0869140625 0.9991582859375001 0.0849609375 0.9991582859375001 0.0693359375 1 0.0673828125 1 0.0634765625
0 0.693153840625 0.2578125 0.659913740625 0.283203125 0.656980790625 0.2861328125 0.656980790625 0.2900390625 0.6784890906250001 0.3115234375 0.703907990625 0.3486328125 0.706840940625 0.3515625 0.7097738890625 0.3505859375 0.7361704390625 0.33203125 0.7449692890625 0.3232421875 0.7097738890625 0.2744140625 0.693153840625 0.2578125
0 0.7909188390625 0.248046875 0.7850529390625 0.248046875 0.7615893390624999 0.265625 0.7430139890625 0.2841796875 0.7430139890625 0.2880859375 0.7508351890625 0.2919921875 0.7596340390625 0.30859375 0.7635446390625 0.310546875 0.7723434890624999 0.3095703125 0.7928741390625 0.287109375 0.8094941875 0.2744140625 0.8075388890624999 0.2685546875 0.7909188390625 0.248046875
0 0.3695516953125 0.9384765625 0.37150699375 0.9306640625 0.37432178125000004 0.92677254375 0.37541759531249996 0.9228515625 0.3766341359375 0.92058463125 0.3773728953125 0.9150390625 0.378815425 0.9132916859375 0.3819365953125 0.9011878796874999 0.38519409531250004 0.8916015625 0.38714939375 0.8818359375 0.37248464531250003 0.873046875 0.3482902953125 0.86640478125 0.3460880953125 0.8701171875 0.3460880953125 0.8740234375 0.34022219531250003 0.8857421875 0.3382668953125 0.8974609375 0.33471497031249997 0.90594379375 0.33323655625000004 0.9146463515625 0.3363115953125 0.9189453125 0.3363115953125 0.9228515625 0.3324009953125 0.9267578125 0.3324009953125 0.9365234375 0.3431551453125 0.943359375 0.35586459531250003 0.9423828125 0.35879754531249997 0.939453125 0.3646634453125 0.939453125 0.3666187453125 0.94140625 0.3695516953125 0.9384765625
0 0.40279179374999996 0.9501953125 0.4039510703125 0.9484870546874999 0.40474709375 0.9423828125 0.4042076703125 0.9404552265625 0.40416274999999996 0.9386917531250001 0.40865769375000005 0.9287109375 0.4094910609375 0.9233767609375001 0.4019044171875 0.9208916703125001 0.39594824375000004 0.919921875 0.3935590484375 0.9185823734375 0.389542046875 0.9172319546875001 0.38550043125 0.916711334375 0.3803058453125 0.919921875 0.3773728953125 0.9248046875 0.3773728953125 0.9326171875 0.37541759531249996 0.9345703125 0.37541759531249996 0.9404296875 0.3745853625 0.9460615859375 0.3734622953125 0.9541015625 0.37541759531249996 0.9560546875 0.37541759531249996 0.9580078125 0.3798115265625 0.9592848734375 0.38617174374999996 0.9609375 0.3881270453125 0.962890625 0.39203764375 0.962890625 0.39399294375 0.96484375 0.399299028125 0.9642249359375 0.39944363437499997 0.9609567625000001 0.40083649374999997 0.9560546875 0.4016822765625 0.95433620625 0.40279179374999996 0.9501953125
0 0.33924454531250003 1 0.34119984531249997 0.99609375 0.3490210453125 0.998046875 0.3539092953125 0.9892578125 0.3615780375 0.9811682218750001 0.3630629890625 0.9727541437499999 0.35781989531249997 0.9697265625 0.32946804531249996 0.958984375 0.3196915453125 0.958984375 0.318300753125 0.9646036203125 0.315870171875 0.9719112125 0.3108926953125 0.9794921875 0.3050267953125 0.9990234375 0.33924454531250003 1
0 0.6338800703125 0.9028371703125 0.633517190625 0.9072265625 0.629606590625 0.9208984375 0.6325395406250001 0.923828125 0.640640109375 0.9254869843750001 0.654047840625 0.927734375 0.657638075 0.9146301109375001 0.660891390625 0.8955078125 0.661705434375 0.894087203125 0.6668807 0.871925803125 0.642316040625 0.8671875 0.6390946343749999 0.8802477453125 0.637427790625 0.8876953125 0.6366286750000001 0.8932568203125 0.635472490625 0.8974609375 0.6338800703125 0.9028371703125
0 0.5017400078125 0.7978496421875 0.5191321421875 0.80078125 0.534360503125 0.8047871109375 0.5582381421875 0.810546875 0.5696759453125 0.812838046875 0.5836570421875 0.81640625 0.5860277593750001 0.8130811234375 0.5885452921875001 0.7998046875 0.5911146031250001 0.7901323703124999 0.5934014546874999 0.7804161390625 0.5777911421875 0.77734375 0.5684652609375 0.7748352140625 0.5601934421875 0.7734375 0.5506133156249999 0.7714321546875 0.5425957421875001 0.76953125 0.5113109421875001 0.759765625 0.50740034375 0.759765625 0.505811903125 0.7653001578125 0.5025675374999999 0.7776675734375 0.5000350734375 0.7904637671875 0.49860149218750005 0.7958984375 0.5017400078125 0.7978496421875
0 0.15010926093750002 0.2339516734375 0.152513396875 0.2373046875 0.1739579859375 0.295459078125 0.19161939687500001 0.3388671875 0.19161939687500001 0.3447265625 0.203351196875 0.3798828125 0.2108368578125 0.39288484375 0.21284710625 0.3932695421875 0.21521111875 0.39488338437500003 0.224859496875 0.4013671875 0.23169938750000002 0.40494530468749995 0.25125604687499997 0.40625 0.254433578125 0.4062720796875 0.29260569062499997 0.40989684843749996 0.29329499531250003 0.4033203125 0.29329499531250003 0.3935546875 0.2946115625 0.39068521093749997 0.2954846640625 0.3829424125 0.255166646875 0.376953125 0.24459896875 0.37416209375 0.2316483296875 0.3393461 0.226814796875 0.3291015625 0.22390785000000002 0.318053590625 0.22094889687500002 0.3115234375 0.20018968906249998 0.2605534671875 0.195529996875 0.2490234375 0.19203271875 0.239973525 0.187708796875 0.2294921875 0.1855635984375 0.2247035953125 0.212150046875 0.2109375 0.213127696875 0.2060546875 0.20798851875 0.1957812203125 0.205415896875 0.191361553125 0.20055876874999998 0.183948809375 0.194552346875 0.185546875 0.17499934687500002 0.1953125 0.17019642968749998 0.19747229375 0.165222846875 0.19921875 0.1456698484375 0.208984375 0.14273689843749998 0.2119140625 0.14273689843749998 0.2158203125 0.1486027984375 0.2275390625 0.15010926093750002 0.2339516734375
0 0.1446921984375 0.3115234375 0.1486027984375 0.3251953125 0.15320649375 0.3277982296875 0.1705695609375 0.321680240625 0.17402169843749998 0.3193359375 0.17402169843749998 0.3134765625 0.16815579687499999 0.2978515625 0.172066396875 0.2939453125 0.172066396875 0.2900390625 0.16907835 0.284145059375 0.1583792984375 0.2529296875 0.1554463484375 0.25 0.1495804484375 0.25 0.1378486484375 0.255859375 0.1280721484375 0.2578125 0.1230623515625 0.2607889765625 0.1310050984375 0.2802734375 0.139118675 0.29923644375 0.1446921984375 0.3115234375
0 0.1446921984375 0.3896484375 0.1513914984375 0.3518282203125 0.14762514843750002 0.34765625 0.1286827734375 0.34499895625 0.1043744796875 0.3403924234375 0.09370251406249999 0.393887465625 0.1280721484375 0.3984375 0.1378486484375 0.3984375 0.1446921984375 0.3896484375
0 0.0988017875 0.368744178125 0.0997202984375 0.3642578125 0.1016755984375 0.3427734375 0.0987426484375 0.33984375 0.014664749999999999 0.326171875 0.002183928125 0.324785621875 0 0.3310546875 0.00097765 0.353515625 0.08505554843749999 0.3671875 0.0988017875 0.368744178125
0 0.09580969843750001 0.3837890625 0.0977649984375 0.3701171875 0.0956142578125 0.36829318906249997 0.00097765 0.353515625 0 0.3779296875 0.00488825 0.380859375 0.0922087234375 0.3933578765625 0.09580969843750001 0.3837890625
0 0.049079542187500005 0.883600171875 0.0241972953125 0.8819000453125 0.0234636 0.8837890625 0.02332395 0.8975529796874999 0.048190659375 0.8985314093750001 0.049079542187500005 0.883600171875
0 0.7339265203124999 0.1403827140625 0.7586563890625 0.1220703125 0.7567010890625 0.1162109375 0.7420363390625 0.099609375 0.7177530109375 0.11781010624999999 0.709924625 0.1237441359375 0.7117291906250001 0.1259765625 0.727416365625 0.14429132656250002 0.7339265203124999 0.1403827140625
0 0.7628478515625 0.125784265625 0.7730905421875 0.11548308437499999 0.7840752890625 0.1083984375 0.7840752890625 0.1044921875 0.7654999390625 0.080078125 0.7578830015625 0.083216184375 0.7430139890625 0.0947265625 0.7405225921875 0.0968105078125 0.7430139890625 0.1005859375 0.7628478515625 0.125784265625
0 0.673600840625 0 0.672623190625 0.0029296875 0.710751540625 0.046875 0.7312821890625 0.0302734375 0.7312821890625 0.0263671875 0.708796240625 0 0.673600840625 0
0 0.7381257390625 0.09375 0.7439916390625 0.09375 0.7674552390625 0.078125 0.7684328890625001 0.0751953125 0.7322598390625 0.03125 0.7244386390625001 0.03515625 0.709833796875 0.050407375 0.7136844906250001 0.0615234375 0.7351927890625001 0.0908203125 0.7381257390625 0.09375
0 0.62708955 0.044105534375 0.643293690625 0.0302734375 0.622763040625 0.00390625 0.611031240625 0.01171875 0.60297350625 0.0187424609375 0.61792329375 0.0394110296875 0.6217417484375 0.0379728859375 0.62708955 0.044105534375
0 0.5914782421875 0.04296875 0.5934335421875 0.04296875 0.5979528015625 0.03928611875 0.608098290625 0.0322265625 0.6051201140625 0.027671590625 0.600088525 0.021728453124999998 0.5976800843750001 0.0227588265625 0.591340925 0.0273478921875 0.5890598390624999 0.029404645312499998 0.58541250625 0.0322073703125 0.5865899921875 0.0341796875 0.5881430062499999 0.038310359375000005 0.5914782421875 0.04296875
0 0.9125634375 0.106253034375 0.9106628625000001 0.10625453437500001 0.8859118390624999 0.10796172343749999 0.887779371875 0.13927619687499998 0.90810223125 0.13766726875 0.9141027375 0.13671875 0.9125634375 0.106253034375
0 0.8386144874999999 0.05099215625 0.8444476218749999 0.0495452453125 0.8421242812499999 0.028195628125 0.841902759375 0.023222575000000002 0.8104718390625001 0.02734375 0.7967102328125 0.030289859375 0.7997176890625 0.0458984375 0.8026506390625 0.0546875 0.8218126859374999 0.0524458171875 0.8386144874999999 0.05099215625
0 0.8475143734374999 0.0677355125 0.846363965625 0.0509223984375 0.8437119375 0.05078125 0.805188103125 0.0546240578125 0.8064594078124999 0.06271595625000001 0.807226846875 0.07331313125 0.8333835890625 0.069627971875 0.8475143734374999 0.0677355125
0 0.841085009375 0.0825406546875 0.8373394281250001 0.0692191765625 0.8104718390625001 0.072265625 0.8076383500000001 0.0737001734375 0.80946233125 0.0860045390625 0.8319921375 0.0832494828125 0.841085009375 0.0825406546875
0 0.8418652140624999 0.0828781921875 0.8097244015625 0.0869293921875 0.8134047890625 0.1123046875 0.81468496875 0.11490224375 0.8497333375 0.10903809375 0.8418652140624999 0.0828781921875
0 0.8628413703125 0.2007462640625 0.8619575390625 0.1938905046875 0.83047378125 0.19834149843749999 0.8323998859374999 0.2101005515625 0.8337567953124999 0.2185494890625 0.865070846875 0.2158356890625 0.8628413703125 0.2007462640625
0 0.86314699375 0.2316804453125 0.8608769671875001 0.2167642921875 0.8437119375 0.21875 0.847406240625 0.2424741421875 0.8500569828125 0.24197983750000002 0.8645512109375 0.2412897609375 0.86314699375 0.2316804453125
0 0.8567731984375 0.140285809375 0.8557947515625 0.13186837499999998 0.8259975546874999 0.1360208359375 0.8203018390624999 0.136505390625 0.8241589375 0.162109375 0.8586324718749999 0.1570171640625 0.8567731984375 0.140285809375
0 0.857349903125 0.1576359828125 0.8495778375 0.158203125 0.8261142390625 0.162109375 0.8241007359375001 0.16310033906250002 0.8301734125 0.1979244515625 0.8623998296875 0.1933046890625 0.857349903125 0.1576359828125
0 0.8512997531250001 0.132002640625 0.8479671765625 0.109461890625 0.8163377390625 0.115234375 0.8190733359375001 0.1306067359375 0.8202483390624999 0.13671875 0.8358907390624999 0.134765625 0.8512997531250001 0.132002640625
0 0.3382668953125 0.1865234375 0.3167585953125 0.1533203125 0.30782289375 0.14225880156249998 0.3020938453125 0.14453125 0.2903620453125 0.15234375 0.269831396875 0.1689453125 0.227383015625 0.19835951406250002 0.23854659687500002 0.2158203125 0.257121946875 0.2421875 0.3382668953125 0.1865234375
0 0.05377075 0.2734375 0.058636675000000006 0.27027324375 0.0729551546875 0.2633129890625 0.07760864375 0.2601243140625 0.07262295625000001 0.2503940734375 0.0743987546875 0.2486697875 0.0703907984375 0.2392578125 0.0674578484375 0.236328125 0.063830240625 0.2375660875 0.04399425 0.248046875 0.0399615796875 0.2500819234375 0.0410613 0.2529296875 0.0508378 0.2705078125 0.05377075 0.2734375
0 0.0331715625 0.2316393203125 0.0396715015625 0.22755423281249998 0.0664802 0.2119140625 0.06862299375 0.2102340109375 0.06382820312500001 0.203575728125 0.0508378 0.1806640625 0.04594955 0.17578125 0.018575349999999997 0.19140625 0.0125487953125 0.1953078390625 0.0120032828125 0.196069890625 0.013687099999999999 0.2001953125 0.0331715625 0.2316393203125
0 0.069970128125 0.23000325 0.07359985 0.22748162500000002 0.0703907984375 0.2216796875 0.0676264 0.218309859375 0.06354724843750001 0.212890625 0.03812835 0.228515625 0.0322462984375 0.23240747968750003 0.0344799734375 0.236419278125 0.04051931875 0.24796609374999998 0.069970128125 0.23000325
0 0.1456698484375 0.234375 0.1486027984375 0.2314453125 0.1446921984375 0.2197265625 0.14034617031250002 0.2091866921875 0.12220624843750001 0.205078125 0.0987426484375 0.19921875 0.0889661484375 0.19921875 0.0752790484375 0.20703125 0.0674805375 0.21094385781249997 0.0831002484375 0.22265625 0.1272434015625 0.23351273906249997 0.1456698484375 0.234375
0 0.06941315 0.2109375 0.0899437984375 0.1982421875 0.0899437984375 0.1962890625 0.0833724140625 0.18744521249999999 0.0780129375 0.1796094875 0.0785601171875 0.1790694765625 0.0621506203125 0.190717425 0.058309846875 0.1930894015625 0.0592767734375 0.1956496921875 0.0674578484375 0.2109375 0.06941315 0.2109375
0 0.19764135 0.7910084000000001 0.1932812546875 0.789808078125 0.1886621328125 0.789807515625 0.1880798859375 0.8001041875 0.1967285640625 0.8009135890625 0.197626146875 0.7965825296875 0.19764135 0.7910084000000001
0 0.0762566984375 0.1806640625 0.0743013984375 0.1728515625 0.055726048437499995 0.146484375 0.03617305 0.15234375 0.0332401 0.1552734375 0.0351954 0.1611328125 0.05963665 0.19140625 0.0762566984375 0.1806640625
0 0.0401747625 0.1503799609375 0.0516740015625 0.1477950984375 0.054895587499999995 0.14551120625 0.027374199999999998 0.0634765625 0.02444125 0.0625 0.00488825 0.0703125 0.0019553 0.0732421875 0.0039106 0.0810546875 0.032971892187500004 0.1535869546875 0.0401747625 0.1503799609375
0 0.0204043046875 0.0440087453125 0.010335351562500001 0.0466092078125 0.00097765 0.048828125 0.001590125 0.07248537187500001 0.0134503796875 0.06576215625000001 0.027374199999999998 0.0615234375 0.0204043046875 0.0440087453125