0 0.16015625 0.3798087140625 0.150390625 0.35415929375 0.14433502812500001 0.348240390625 0.018464796875 0.398042853125 0.001382465625 0.40424372656249996 0 0.4488648421875 0.0068359375 0.44985135937500004 0.1591796875 0.38868735781249997 0.16015625 0.3798087140625
0 0.1845703125 0.37882219687499996 0.248046875 0.3521862609375 0.24399226718749997 0.3410863125 0.2333195515625 0.3124518609375 0.1604837453125 0.34021371562499997 0.1645154390625 0.3470231890625 0.150058396875 0.3520693328125 0.1630859375 0.38474129375 0.1845703125 0.37882219687499996
0 0.0625 0.14896393593749999 0.058075537499999996 0.12671384531250002 0.0387908375 0.1309901703125 0.025911759375 0.1262483265625 0.012296565625 0.131092946875 0 0.1351527109375 0.0009765625 0.1716538078125 0.046030329687499996 0.16118038125 0.0625 0.14896393593749999
0 0.0732421875 0.041433678125 0.0888671875 0.0374876125 0.09375 0.0325550328125 0.0830078125 0.005919096875 0.0673859703125 0.01064935 0.0625 0.012824709375000002 0.063983359375 0.020407621875 0.06935471875 0.036301071875 0.0732421875 0.041433678125
0 0.037109375 0.04242019375 0.031721421875 0.0218627359375 0.024023787499999998 0.0243681875 0.0203387203125 0.0261693046875 0.025390625 0.0463662578125 0.0322265625 0.047352775 0.037109375 0.04242019375
0 0.0009765625 0.0138112265625 0.0009765625 0.029595484374999998 0.0234375 0.0226898703125 0.0205078125 0.0078921296875 0.0009765625 0.0138112265625
0 0.417936675 0.234383703125 0.427734375 0.2298582609375 0.4248379765625 0.2191442828125 0.4195328984375 0.20704144531250002 0.3982127796875 0.2153983578125 0.3996925609375 0.22326136562499999 0.4011188203125 0.22607355 0.4072265625 0.2387369046875 0.417936675 0.234383703125
0 0.89910808125 0.6286497953125 0.9013671875 0.62545123125 0.9040059546875 0.6211553109375 0.91015625 0.612626521875 0.9072265625 0.6096669734375 0.8916015625 0.5998018125 0.8890596093750001 0.5984348421875 0.884765625 0.60473439375 0.87782618125 0.6159486984375 0.8828125 0.61854561875 0.8873058437499999 0.62185510625 0.89910808125 0.6286497953125
0 0.8472767015624999 0.7809268671875 0.8420898796875 0.7863893921875 0.8603515625 0.799078071875 0.865473921875 0.8009067015625 0.8687750171875 0.7954936 0.87984733125 0.7754339953125 0.882715834375 0.7722986796875 0.8674343234374999 0.7614074453125 0.869140625 0.7586309109375 0.8807047921875 0.742357975 0.87890625 0.74087361875 0.8369140625 0.7122646515625 0.8330078125 0.7122646515625 0.830078125 0.7152242 0.8203125 0.7329814906250001 0.80993124375 0.7474459265625 0.8056319234375 0.7539576015625 0.8270495562500001 0.7676728749999999 0.8349609375 0.7734286515625 0.8472767015624999 0.7809268671875
0 0.7783203125 0.8148623296874999 0.7900390625 0.8148623296874999 0.797528534375 0.815671125 0.8037109375 0.8168353625 0.8088325953125001 0.818227240625 0.813964484375 0.818607015625 0.81640625 0.8138758140625001 0.8172733031250001 0.8109265328124999 0.818359375 0.8059836859375 0.8173828125 0.799078071875 0.7802734375 0.7793477484375 0.7705078125 0.7714556203125 0.763671875 0.7763882 0.751953125 0.8000645875 0.7494025890625 0.8090649390625 0.75922605 0.810590978125 0.7783203125 0.8148623296874999
0 0.7591110343749999 0.8376894359374999 0.765625 0.8375522015625 0.7685546875 0.8128892984375 0.7509765625 0.8089432328124999 0.748046875 0.81190278125 0.748046875 0.817821878125 0.7466362265625001 0.8221533203125 0.7455015296874999 0.8352512421875 0.7470703125 0.8365656859374999 0.7532075171875 0.8374570609375 0.7591110343749999 0.8376894359374999
0 0.7998727125 0.8392470359375 0.8173828125 0.8405117499999999 0.819259959375 0.8371556859375 0.8205378078125 0.8188233296874999 0.8058506828124999 0.817675615625 0.8017578125 0.8168353625 0.7783203125 0.8148623296874999 0.7763671875 0.8128892984375 0.769134378125 0.8126370046875 0.767578125 0.817821878125 0.7662982640625 0.83580389375 0.768946228125 0.8355717921875 0.7958984375 0.8385387171875 0.7998727125 0.8392470359375
0 0.7256857218749999 0.8913806515625 0.723967184375 0.9248748609374999 0.7234807437499999 0.9286473515625 0.722014059375 0.9446051828125 0.7217731859375001 0.9471164562500001 0.720060934375 0.9682815703125 0.7413232484375001 0.9701919625000001 0.7421963296875 0.9590374515625 0.752287496875 0.959402925 0.7564529609374999 0.9594161937499999 0.7586074546875 0.9591791984375 0.761076559375 0.9347400218749999 0.7620463296875 0.9334832484375 0.764982809375 0.89330634375 0.7657264890625 0.8914391500000001 0.768061390625 0.8643924796875 0.7678186203124999 0.8594688343750001 0.7566816249999999 0.8595460828125001 0.752287496875 0.8587782796875001 0.7285796625 0.8580476156250001 0.7278068078125 0.864625725 0.7145242281249999 0.8639762390625 0.7148969203125 0.8717348218750001 0.7149444359375 0.8849817874999999 0.726754803125 0.8856507734375001 0.7256857218749999 0.8913806515625
0 0.8228437953125001 0.9811513515625 0.8251953125 0.980597040625 0.8585871031250001 0.9799547328125 0.86098525625 0.97973765 0.860789740625 0.9632545671875 0.8601089578125001 0.9584618671875 0.855251003125 0.9590107984375 0.8515397234375 0.9590873109375 0.8466796875 0.9588936859375 0.8095703125 0.96086671875 0.80796080625 0.9612519 0.80859375 0.973691428125 0.8084399078125 0.9820116703125 0.8228437953125001 0.9811513515625
0 0.5641661906250001 0.9432207328125 0.567914340625 0.935274871875 0.5738078421874999 0.922189803125 0.5615234375 0.9154869765625 0.5550901515625 0.913107121875 0.552820915625 0.9168140031249999 0.551904903125 0.918677034375 0.54761465 0.926501859375 0.5445329375 0.9320621812500001 0.5641661906250001 0.9432207328125
0 0.9140625 0.8158488453125001 0.916015625 0.7961185234375 0.916132275 0.796038765625 0.8880687765624999 0.7913133890624999 0.872884784375 0.7884109109375 0.8671875 0.7961185234375 0.865234375 0.81190278125 0.8681640625 0.8148623296874999 0.9072265625 0.8188083953125 0.9140625 0.8158488453125001
0 0.95996195 0.7811669671875 0.962890625 0.7704691046875001 0.9641652765625001 0.7597686765625 0.9482421875 0.7576443937499999 0.9453125 0.7606039421874999 0.943359375 0.7842803296875 0.9462890625 0.7872398781250001 0.9560546875 0.7872398781250001 0.95996195 0.7811669671875