0 0.2022019640625 0.1513671875 0.2022019640625 0.1572265625 0.20514949374999997 0.16015625 0.24543240000000002 0.1650390625 0.2641000875 0.166015625 0.2707363109375 0.156282953125 0.28964534531249997 0.158203125 0.29750542343749997 0.162109375 0.3092955421875 0.162109375 0.3112605625 0.1640625 0.33189327031250004 0.1630859375 0.333858290625 0.1357421875 0.33626 0.124466928125 0.3372613484375 0.10742677656249999 0.34171836875 0.0908203125 0.34171836875 0.0751953125 0.3436833890625 0.0732421875 0.3436833890625 0.0556640625 0.33287577968750004 0.052734375 0.3132255828125 0.052734375 0.3112605625 0.05078125 0.3073305234375 0.052734375 0.29161036406249996 0.052734375 0.2857153046875 0.05078125 0.28276777656249996 0.0478515625 0.2847327953125 0.0458984375 0.2847327953125 0.0361328125 0.27687271562500004 0.0205078125 0.26803012656249997 0.01171875 0.2542749890625 0.005859375 0.23658981093749998 0.005859375 0.2247996921875 0.01171875 0.2120270640625 0.0263671875 0.2090795328125 0.04296875 0.18746431562500002 0.041015625 0.18353427656250001 0.037109375 0.1501289390625 0.03515625 0.147181409375 0.0439453125 0.1452163890625 0.0791015625 0.1432513703125 0.0810546875 0.1412863515625 0.1279296875 0.1373563109375 0.1416015625 0.1422688609375 0.146484375 0.154928215625 0.14554006875 0.1560239984375 0.1484375 0.1953243953125 0.1484375 0.2022019640625 0.1513671875
0 0.34171836875 0.3408203125 0.34564840937499997 0.3505859375 0.352525978125 0.357421875 0.39870394375 0.3623046875 0.40459900312499997 0.3564453125 0.4085290421875 0.3056640625 0.397721434375 0.302734375 0.3485959390625 0.298828125 0.34564840937499997 0.3056640625 0.3436833890625 0.3388671875 0.34171836875 0.3408203125
0 0.527412740625 0.380859375 0.5382203484375 0.3798828125 0.545384721875 0.325244428125 0.5252422796875 0.32381174218750003 0.539202859375 0.228515625 0.517587640625 0.224609375 0.480252265625 0.22265625 0.477304734375 0.2255859375 0.4726632484375 0.259787303125 0.4615845765625 0.3603515625 0.4625670859375 0.373046875 0.527412740625 0.380859375
0 0.7347223281249999 0.3955078125 0.7406173875000001 0.3544921875 0.7406173875000001 0.3427734375 0.7376698578124999 0.33984375 0.600118471875 0.32421875 0.5971709421875 0.3271484375 0.593240903125 0.3505859375 0.5912758828125 0.3837890625 0.5942234125 0.38671875 0.65317400625 0.39453125 0.7317747984375 0.400390625 0.7347223281249999 0.3955078125
0 0.9606996046875 0.4150390625 0.96462964375 0.3603515625 0.96462964375 0.3408203125 0.96408530625 0.33916989062499997 0.7972701953125 0.32151379687500004 0.793034740625 0.33325952812500004 0.7858128421874999 0.4013671875 0.788760371875 0.40625 0.798585471875 0.408203125 0.9557870546875 0.423828125 0.9606996046875 0.4150390625
0 0.9184516781250001 0.306640625 0.94596195625 0.310546875 0.94915415625 0.28973140937499997 0.950649921875 0.28446356562499997 0.9184516781250001 0.279296875 0.9173036218749999 0.2847311125 0.9155041484374999 0.3037109375 0.9184516781250001 0.306640625
0 0.83690335625 0.2978515625 0.8589483609374999 0.30130181562499997 0.8604900093750001 0.2894273796875 0.8546649859375 0.2873092953125 0.8376303843749999 0.28519729374999997 0.83690335625 0.2978515625
0 0.9960699609375 0.1923828125 0.99803498125 0.1689453125 1 0.1669921875 0.9990174906249999 0.06640625 0.9557870546875 0.0625 0.953822034375 0.060546875 0.9371193671875 0.0615234375 0.935154346875 0.0947265625 0.9400668968750001 0.09765625 0.953822034375 0.09765625 0.9606654125 0.099260071875 0.958734584375 0.1259765625 0.95921300625 0.128113771875 0.9567695640625 0.1474609375 0.953822034375 0.15234375 0.9361368562499999 0.150390625 0.9305873421875 0.151020228125 0.9272942671875001 0.1845703125 0.9322068171875 0.189453125 0.9715072125 0.19140625 0.9734722328125001 0.193359375 0.9960699609375 0.1923828125
0 0.8859196171875 0.0192068078125 0.8879938718749999 0.0185546875 0.8869054390625 0.0118669515625 0.8850463421875 0.01171875 0.8767489828125001 0.0112757453125 0.8506584953124999 0.0107421875 0.8486934765624999 0.0439453125 0.845673203125 0.05985515 0.8447634359375 0.0693359375 0.847710965625 0.072265625 0.876203753125 0.0732421875 0.8824932625 0.07379214843750001 0.88406383125 0.0556640625 0.8859196171875 0.0192068078125
0 0.84444548125 0.07011645625 0.8494392109375 0.0275775703125 0.8506584953124999 0.0263671875 0.8496759859375 0.0078125 0.8319908078125 0.005859375 0.8254978062499999 0.0046275515625 0.810077553125 0.0034253765625 0.8044805296875 0.001953125 0.7967018453125 0.0016188203125000003 0.7976029609374999 0.0048828125 0.7951758921875001 0.023206921875 0.794040953125 0.0272185640625 0.793672921875 0.0439453125 0.79281323125 0.0494686859375 0.7926904109375 0.06640625 0.8289904343750001 0.0700818734375 0.8398508874999999 0.072265625 0.8437809265625 0.072265625 0.84444548125 0.07011645625
0 0.5627830968749999 0 0.557870546875 0.0380859375 0.5706431750000001 0.04296875 0.704264521875 0.056640625 0.7072120515625 0.0537109375 0.711142090625 0.0263671875 0.7121246 0 0.5627830968749999 0
0 0.458637046875 0.01953125 0.4576545375 0.0361328125 0.48614732343749995 0.0390625 0.48614732343749995 0.01953125 0.458637046875 0.01953125
0 0.45568951718750006 0.0400390625 0.45568951718750006 0.0556640625 0.48614732343749995 0.056640625 0.48614732343749995 0.0390625 0.458637046875 0.037109375 0.45568951718750006 0.0400390625
0 0.458637046875 0.07421875 0.48418230468749995 0.07421875 0.487129834375 0.0712890625 0.48614732343749995 0.056640625 0.456672028125 0.056640625 0.45568951718750006 0.0712890625 0.458637046875 0.07421875
0 0.456672028125 0 0.4576545375 0.0185546875 0.48811234375 0.01953125 0.48811234375 0 0.456672028125 0
0 0.54018536875 0.0263671875 0.541167878125 0.0390625 0.557870546875 0.0380859375 0.55885305625 0 0.5441154078125 0.0009765625 0.54018536875 0.0263671875
0 0.8801337921875 0.1279296875 0.8820988125 0.1142578125 0.8820988125 0.0908203125 0.8791512828125001 0.087890625 0.83690335625 0.0849609375 0.8332806390625 0.1338903203125 0.8307618218749999 0.16495120624999998 0.8600243031250001 0.1700372 0.8691206625 0.1576897265625 0.8801337921875 0.1279296875
0 0.758302565625 0.2587890625 0.7602675859375 0.2353515625 0.7622326046875 0.2333984375 0.7612500953125 0.22265625 0.7337398171875 0.21875 0.735340009375 0.2025301078125 0.7063863593749999 0.198953578125 0.7040687078125 0.20613620625 0.7025132171874999 0.21297666875000001 0.7013169921875 0.2255859375 0.6949865156249999 0.2531450328125 0.6914918921875 0.2705078125 0.6927963625 0.2740663203125 0.704216040625 0.276037634375 0.71026091875 0.27706694375 0.7494599765625 0.279296875 0.75429630625 0.2803618546875 0.75570588125 0.269792790625 0.758302565625 0.2587890625
0 0.7622326046875 0.1923828125 0.76616264375 0.1748046875 0.76616264375 0.1630859375 0.763215115625 0.16015625 0.746512446875 0.1591796875 0.7435649171875001 0.19140625 0.7622326046875 0.1923828125
0 0.74302679375 0.19047410625 0.7445474265625001 0.1865234375 0.746512446875 0.1611328125 0.7435649171875001 0.158203125 0.7315901171875 0.158286753125 0.7289013 0.18822258281249998 0.74302679375 0.19047410625
0 0.711142090625 0.1904296875 0.7140896203125 0.193359375 0.72882726875 0.1923828125 0.729809778125 0.158203125 0.7150721296875 0.1572265625 0.7125346546875 0.1836153375 0.711142090625 0.1904296875
0 0.693358775 0.23564397812500001 0.69779858125 0.21389333124999999 0.6996884015625 0.204553521875 0.702921215625 0.18776495625 0.6512089859375 0.181640625 0.6473188171875 0.1986156390625 0.6462964375 0.2158203125 0.659069065625 0.216796875 0.6629233015625 0.21273729531250002 0.6708055859375001 0.2141876203125 0.6679116546875 0.2373046875 0.6728242046874999 0.240234375 0.6905093828125 0.2421875 0.693358775 0.23564397812500001
0 0.64573499375 0.20148671875000002 0.6504482140625 0.1761792546875 0.6502264765625 0.1708984375 0.647278946875 0.16796875 0.6197686703125 0.1640625 0.6142016109374999 0.1632122265625 0.6128911015625 0.1650390625 0.6109260812499999 0.1787109375 0.605759746875 0.18066681406250001 0.604020090625 0.21847100625000002 0.622430975 0.21922010625000002 0.6315587890625001 0.220703125 0.6423663984375 0.2197265625 0.645491328125 0.20929171875 0.64573499375 0.20148671875000002
0 0.8233791515625001 0.24733036562500002 0.8319908078125 0.24609375 0.832482434375 0.2296081734375 0.8241871390625001 0.22862368593750002 0.8182356687500001 0.208984375 0.803053496875 0.2095215046875 0.7865022703125 0.20957983281249998 0.7841434328125 0.2097975015625 0.7832359671875 0.22784335156250002 0.7838478234374999 0.2451171875 0.78706406875 0.24752740625 0.8233791515625001 0.24733036562500002
0 0.9155041484374999 0.2666015625 0.9194341890625 0.2509765625 0.9194341890625 0.2353515625 0.9164866593750001 0.232421875 0.9007664999999999 0.23046875 0.890891078125 0.2286411375 0.8611998218749999 0.2267377609375 0.8565250437499999 0.26082877187500003 0.869326184375 0.267578125 0.91255661875 0.26953125 0.9155041484374999 0.2666015625
0 0.9715072125 0.322265625 0.99508745 0.328125 1 0.3271484375 0.9990174906249999 0.2890625 0.97445474375 0.2880859375 0.9715072125 0.322265625
0 1 0.2685546875 0.99606295625 0.267217109375 0.9802418390625001 0.2668692875 0.9780626515625 0.267754196875 0.9774022718750001 0.287109375 1 0.2900390625 1 0.2685546875
0 0.9819213625 0.23618489999999998 0.9952061140625 0.23804881406249997 0.9990174906249999 0.23828125 0.9990174906249999 0.216796875 0.9754372531250001 0.21484375 0.9724897234375 0.2333984375 0.9819213625 0.23618489999999998
0 0.8909414015625 0.54296875 0.9263117578125 0.544921875 0.9331893265625 0.5361328125 0.9344291124999999 0.52167384375 0.928137715625 0.520622028125 0.8791512828125001 0.515625 0.8772887984375 0.5304542859375 0.8772799984375 0.5375873921875 0.8791512828125001 0.541015625 0.8909414015625 0.54296875
0 1 0.5712890625 0.9970524703124999 0.568359375 0.9774022718750001 0.568359375 0.9760522765624999 0.571968725 0.9712706140625 0.6157472640625 0.9734722328125001 0.626953125 1 0.6279296875 1 0.5712890625
0 0.9233642281250001 0.6318359375 0.9272942671875001 0.5869140625 0.92741156875 0.5847774343750001 0.9299342765624999 0.5620778015625 0.9295135328124999 0.562530921875 0.9190572984375001 0.561127909375 0.91255661875 0.560546875 0.909463634375 0.5600845999999999 0.883081321875 0.556640625 0.8791946656249999 0.5563967828124999 0.8339558281249999 0.55078125 0.8308249234374999 0.5504931328125 0.7612500953125 0.544921875 0.753648715625 0.5436343515625001 0.7533193234375 0.5521702859375 0.75240750625 0.5615234375 0.7513429687500001 0.571487671875 0.7504424859375 0.5810546875 0.7502432375 0.58440114375 0.7497443171875 0.588272303125 0.74965999375 0.5915026359375 0.7484774671875 0.6083984375 0.7473656656250001 0.6155764687499999 0.7520298624999999 0.61661279375 0.7861294453125 0.619557634375 0.79138215625 0.6195890640624999 0.8084105703125 0.62109375 0.809747321875 0.6131589578125001 0.8537532734375001 0.6175731640625 0.8599159859375 0.6186077421875 0.8592940921875 0.62639808125 0.867697553125 0.62743440625 0.883081321875 0.62890625 0.9004066609375 0.631529071875 0.9164866593750001 0.6328125 0.9217758843749999 0.6330220078125001 0.9233642281250001 0.6318359375
0 0.7083218640625 0.5646239515625 0.7091770703125 0.5478515625 0.7095278234375 0.5452897906249999 0.7098373234375 0.5424161953125 0.7061073 0.541426 0.682649303125 0.5390625 0.67926598125 0.5385010109375 0.6512089859375 0.53515625 0.6476853031250001 0.5350280859375001 0.6276287484374999 0.533203125 0.6236768234375 0.533172915625 0.6099435718749999 0.53125 0.6065589109375 0.53092543125 0.5922583921875 0.529296875 0.5889967734375 0.528994259375 0.5726081953125 0.52734375 0.5584356265625 0.5260084703125 0.55394050625 0.5263671875 0.55394050625 0.5341796875 0.5531275156250001 0.536268003125 0.5500104671875 0.5810546875 0.56304171875 0.5830583953125 0.5785032546875 0.583984375 0.581061915625 0.5852928515625 0.5961884328125 0.5859375 0.5990748296875 0.5863329921875 0.6512089859375 0.591796875 0.6643568078125 0.5927019515625 0.68070351875 0.5940229375 0.6892049453125 0.5941032828125 0.6970123625 0.5947084031250001 0.7057111390624999 0.5945013875 0.7063352375 0.5872978546875001 0.7071246453125 0.5759771890625001 0.7083218640625 0.5646239515625
0 0.50781806875 0.5684794484375 0.5091007125 0.5516852671875 0.511327778125 0.5335953703125 0.5128551671875 0.5200294953125 0.503832503125 0.515625 0.49118108281249995 0.5149074515625001 0.4684266078125 0.5126392453124999 0.45470700781250006 0.51171875 0.44748052656250004 0.513379171875 0.44586441875 0.5244140625 0.43755986093750004 0.528256528125 0.43603931874999996 0.5458984375 0.44271479999999996 0.5493297796875 0.441934378125 0.5615234375 0.43839777343749997 0.5620504265624999 0.436320840625 0.5763562265625 0.43600924374999994 0.5828195984375 0.43407429999999997 0.5986328125 0.4334943765625 0.612976371875 0.4325986796875 0.6195788328125 0.4321092796875 0.6318359375 0.43257715 0.6395331859375 0.4315375515625 0.650766096875 0.45286548125000003 0.65495394375 0.4540093234375 0.6523698328124999 0.4765836375 0.6551572265625001 0.47653321562500006 0.6573156250000001 0.4970413625 0.658674971875 0.5029010765625 0.608709690625 0.49875570937499997 0.6085548359375 0.4913635078125 0.60729290625 0.4910598734375 0.6005859375 0.4938891390625 0.5835527671875 0.4958527640625 0.5677840078124999 0.50781806875 0.5684794484375
0 0.280541021875 0.6912903953125 0.377688121875 0.700126709375 0.3771111015625 0.7153543734375 0.42471889375 0.718459678125 0.4336247734375 0.6547397328125 0.363619125 0.647574190625 0.29433654374999996 0.640935215625 0.25917979999999996 0.636800975 0.23365343125 0.634299084375 0.23232757343750002 0.6585736875 0.22076854375 0.7771174921874999 0.2735380234375 0.7823788640625 0.280541021875 0.6912903953125
0 0 0.6630859375 0.002994590625 0.6624991359375 0.055807989062499994 0.66796875 0.0630279703125 0.6693059796874999 0.0854047296875 0.6719881437499999 0.0834285640625 0.6898521421875 0.0789737078125 0.68983879375 0.0725106578125 0.7392578125 0.072662840625 0.744307515625 0.0725106578125 0.7529296875 0.07224230468750001 0.760967421875 0.0793882265625 0.76171875 0.12427074375 0.76310865625 0.125691378125 0.7478987218750001 0.1275312125 0.7216796875 0.1287779015625 0.7124362718749999 0.130510934375 0.6916041890625 0.1324687234375 0.6778386046875 0.135391290625 0.6513671875 0.1363574453125 0.6481380999999999 0.1377957484375 0.625838484375 0.13440878125 0.625 0.116723603125 0.623046875 0.111924653125 0.6226118796875 0.0970734046875 0.62109375 0.0825055046875 0.619214565625 0.055807989062499994 0.6171875 0.0381228109375 0.61328125 0.0125775546875 0.61328125 0.0047174750000000005 0.609375 0 0.6123046875 0 0.6630859375
0 0.1953243953125 1 0.2552574984375 0.9990234375 0.27097765625000003 0.8623046875 0.26901263750000004 0.8564453125 0.2641000875 0.8515625 0.2542749890625 0.849609375 0.21218132343749999 0.8468441296875 0.2120270640625 0.8525390625 0.1953243953125 1
0 0.0986577328125 1 0.1033199578125 0.9632373515625 0.11378447031250001 0.8548382765625 0.1150326 0.8350647125 0.07868763906250001 0.8306258734374999 0.059738029687500006 0.830078125 0.0567905 0.8330078125 0.0420528515625 1 0.093143365625 1 0.0986577328125 1
0 0.92238171875 0.80859375 0.9253292484375001 0.8056640625 0.9331893265625 0.7529296875 0.9322068171875 0.736328125 0.88897638125 0.732421875 0.871291203125 0.732421875 0.8683436734375001 0.7353515625 0.87030869375 0.8037109375 0.8732562234374999 0.806640625 0.92238171875 0.80859375
0 0.7848303328124999 0.865234375 0.91255661875 0.87109375 0.9155041484374999 0.8466796875 0.9145216390625001 0.8203125 0.798585471875 0.810546875 0.7243553046875 0.8047762890625 0.7229322093749999 0.8251953125 0.71900216875 0.8505859375 0.7219496984375 0.853515625 0.7848303328124999 0.865234375
0 0.5843983140625 0.984375 0.5922583921875 0.982421875 0.60110098125 0.9521484375 0.600118471875 0.943359375 0.51169258125 0.939453125 0.5087450515625 0.9423828125 0.50678003125 0.9755859375 0.5843983140625 0.984375
0 0.3485959390625 0.822265625 0.35154346875 0.8193359375 0.35154346875 0.8037109375 0.3505609578125 0.802734375 0.3427008796875 0.80078125 0.32537166093750003 0.8002232703125 0.32403319062499997 0.8017578125 0.3221642640625 0.8209578296875 0.325122415625 0.821793034375 0.3387708390625 0.822265625 0.3485959390625 0.822265625
0 0.3440614359375 0.8008954921875 0.34564840937499997 0.7841796875 0.34564840937499997 0.7705078125 0.3427008796875 0.767578125 0.32698072031250003 0.767578125 0.32403319062499997 0.7705078125 0.32403319062499997 0.7978515625 0.32501570156250004 0.798828125 0.3309107609375 0.80078125 0.3387708390625 0.80078125 0.3440614359375 0.8008954921875
0 0.344218125 0.8956845281250001 0.3633335875 0.8955078125 0.365184634375 0.8758098046875 0.35748061249999996 0.8754519625 0.3569945109375 0.845835096875 0.3309107609375 0.84375 0.32796323125 0.8466796875 0.32878894999999997 0.8642835234374999 0.32698072031250003 0.892578125 0.3309107609375 0.89453125 0.344218125 0.8956845281250001
0 0.3554735078125 0.9462890625 0.357438528125 0.9365234375 0.357438528125 0.9248046875 0.35645601718750003 0.923828125 0.340735859375 0.921875 0.3368058203125 0.921875 0.335823309375 0.9228515625 0.3352241484375 0.9348341906250001 0.333858290625 0.9443359375 0.3369608515625 0.9471138234375 0.3544909984375 0.947265625 0.3554735078125 0.9462890625
0 0.40951155312500004 0.87890625 0.41077398125000003 0.8663972546875 0.41245908125 0.8486328125 0.41147657187500003 0.84765625 0.397721434375 0.845703125 0.3721761765625 0.845703125 0.369228646875 0.8486328125 0.3698641828125 0.868402328125 0.3687731875 0.8768130671875 0.3918263734375 0.87890625 0.40951155312500004 0.87890625
0 0.3746617953125 1 0.37512370625 0.9853515625 0.37512370625 0.9814453125 0.374141196875 0.98046875 0.35645601718750003 0.98046875 0.3554735078125 0.9814453125 0.3554735078125 0.9990234375 0.35538461875 1 0.3732668953125 1 0.3746617953125 1
0 0.43505680937499996 1 0.43603931874999996 0.9990234375 0.43585814375 0.97570786875 0.43159473281249994 0.9690943093750001 0.40849579062499997 0.9668016578125 0.40361649218749995 0.97265625 0.4014491359375 0.985205896875 0.40066896406249997 0.9990234375 0.40165147343749996 1 0.43505680937499996 1
0 0.4941101875 0.9916753046875 0.4997765171875 0.9920570515625 0.5015773515624999 0.9717687093749999 0.501105096875 0.9691776125 0.4926999828125 0.9681294406250001 0.48442677968750003 0.96795051875 0.48319979375 0.9677734375 0.4829750328125 0.9780562984375001 0.481234775 0.9892578125 0.48418230468749995 0.9921875 0.48775369687500003 0.9920019984374999 0.4941101875 0.9916753046875
0 0.58161351875 0.9318484843749999 0.5871341296875 0.9320873984375 0.58734584375 0.9169921875 0.586363334375 0.916015625 0.5582504187499999 0.9153403390625 0.557087540625 0.915325978125 0.5567631078125 0.9303771375000001 0.558786325 0.9312953687500001 0.58161351875 0.9318484843749999
0 0.58568096875 0.9146984484375 0.5864261578125001 0.9146362171875 0.5866170515625 0.905560959375 0.58716828125 0.9024298343750001 0.574573215625 0.90234375 0.574334578125 0.903346759375 0.5739387796875 0.9071807015625 0.5736502484375 0.91032270625 0.5735907046875 0.9130859375 0.574573215625 0.9140625 0.5779571921875 0.91430635 0.58568096875 0.9146984484375
0 0.586363334375 0.90234375 0.5893108640625 0.8994140625 0.5893108640625 0.8896484375 0.588328353125 0.888671875 0.5824332937500001 0.888671875 0.570406359375 0.8890723984375001 0.57010513125 0.8942749828125001 0.569877021875 0.8977233546875001 0.5704505796875 0.9015821015625001 0.5824332937500001 0.90234375 0.586363334375 0.90234375
0 0.6413838875 1 0.641365628125 0.9988745781249999 0.6420416390625 0.98827009375 0.6420482062499999 0.9870994578125 0.637174271875 0.9868022296875001 0.6275008343749999 0.986242153125 0.6274237765625 0.9879149875 0.6263672890625 0.999379821875 0.626541984375 1 0.6413838875 1
0 0.7346555234375 0.9968294656250001 0.751424996875 0.998046875 0.7614820078125 0.99753623125 0.763901875 0.964811815625 0.7553550359375001 0.962890625 0.7440739171875 0.9617056984374999 0.7277022578125 0.9603645390625 0.709558171875 0.9589353609375 0.7086562140625 0.9697865578125 0.7066122171875 0.9952561953125001 0.7101595796875 0.99609375 0.7346555234375 0.9968294656250001
0 0.706229540625 0.994140625 0.7072120515625 0.9931640625 0.7091770703125 0.9599609375 0.7081970359375 0.9571743140625 0.69871566875 0.9558585828125 0.67675424375 0.955078125 0.675771734375 0.9560546875 0.67287116875 0.9854710140625 0.672652075 0.9892715078125001 0.6747892234374999 0.9921875 0.68485505625 0.9935394843750001 0.706229540625 0.994140625
0 0.9158805765625001 0.96879095625 0.915950109375 0.96417676875 0.9157546312499999 0.9594034953125 0.91503896875 0.9575648609374999 0.9007664999999999 0.95703125 0.8963281249999999 0.9566305484375001 0.8870113625 0.955078125 0.8860288515624999 0.9619140625 0.8856168171875 0.9647537875 0.8841612234375 0.9776959406250001 0.8806045625 0.9783081671874999 0.8773817906250001 0.9776027062500001 0.8752212437500001 0.9765625 0.8557295843749999 0.9756643171875 0.8558509375 0.9788943124999999 0.8545885359375 0.9990234375 0.9145216390625001 1 0.9158805765625001 0.96879095625
0 0.9862448609375001 0.9853515625 0.9882098812500001 0.9677734375 0.9882098812500001 0.9619140625 0.987227371875 0.9609375 0.9754372531250001 0.958984375 0.9597170937499999 0.958984375 0.958734584375 0.9599609375 0.9567695640625 0.9716796875 0.9567695640625 0.9814453125 0.958734584375 0.9853515625 0.9616821140624999 0.98828125 0.9813323125 0.990234375 0.9862448609375001 0.9853515625
0 0.9272942671875001 0.9072265625 0.9295988453125 0.8794946593749999 0.9312243062500001 0.8662109375 0.914056984375 0.8645469609375 0.9134062640625 0.87233768125 0.8904795109375 0.8713205640625 0.8884656874999999 0.8879034734375001 0.8866991656250001 0.9062506875 0.8987020749999999 0.90777440625 0.9184516781250001 0.91015625 0.9243467375 0.91015625 0.9272942671875001 0.9072265625
0 0.056362390625 0.33630794218750004 0.049390728125 0.3346160078125 0.0487434390625 0.3306569875 0.0479479109375 0.330078125 0.020437632812500002 0.326171875 0.0194551234375 0.3388671875 0.0190811828125 0.34291513125 0.0189663984375 0.34817500468749996 0.048932775 0.350366815625 0.04879905625 0.347493409375 0.0557582953125 0.3477821609375 0.056362390625 0.33630794218750004
0 0.1151975921875 0.3503591703125 0.11574109375 0.3505859375 0.11565554687499999 0.3442289234375 0.11517392500000001 0.3395189125 0.1049161203125 0.339256625 0.100738921875 0.3396171234375 0.09967272968749999 0.3428539703125 0.100539528125 0.34969168906250003 0.103284290625 0.3504485609375 0.1151975921875 0.3503591703125
0 0.0346120359375 0.25030596250000003 0.0675981078125 0.251953125 0.07054563750000001 0.2373046875 0.0675981078125 0.234375 0.036244609375 0.231327690625 0.03517528125 0.2333984375 0.03517528125 0.2431640625 0.0346120359375 0.25030596250000003
0 0.40754653281250003 0.3046875 0.41049406250000003 0.3017578125 0.41245908125 0.2880859375 0.413883265625 0.274075396875 0.3505609578125 0.267578125 0.34853533593749997 0.2774885828125 0.3469182875 0.295374275 0.3485959390625 0.298828125 0.362351078125 0.30078125 0.40754653281250003 0.3046875
0 0.8319908078125 0.705078125 0.8388683765625 0.7021484375 0.840833396875 0.6806640625 0.8378858671874999 0.677734375 0.8300257875 0.677734375 0.8238423687499999 0.6772631046875001 0.8220794015624999 0.6981221953125 0.824130728125 0.703125 0.8319908078125 0.705078125
0 0.859501084375 0.705078125 0.8624486140625001 0.7021484375 0.8624486140625001 0.6767578125 0.859501084375 0.673828125 0.8496759859375 0.673828125 0.8467284562499999 0.6767578125 0.8447634359375 0.7021484375 0.847710965625 0.705078125 0.859501084375 0.705078125
0 0.795308828125 0.695670446875 0.8000211265624999 0.6975023921875 0.8015330015625001 0.6767578125 0.7965357203125001 0.6766845 0.791717496875 0.6757616609375 0.79029256875 0.67730521875 0.7911289203125 0.677383953125 0.789351215625 0.68909521875 0.789201078125 0.6947503546875 0.795308828125 0.695670446875
0 0.783381628125 0.699953225 0.7858128421874999 0.6923828125 0.7858713359375 0.6750283328125 0.779738715625 0.67546411875 0.7719278671875001 0.6745376171874999 0.770092684375 0.6962890625 0.775005234375 0.69921875 0.783381628125 0.699953225
0 0.7702652999999999 0.6995009609375 0.7720577046875 0.6826171875 0.7720577046875 0.6748046875 0.762445240625 0.6721993921875 0.754120425 0.672933634375 0.749802353125 0.6726663046875 0.7480145171875 0.686421 0.7470528984375 0.6977907796875 0.7553550359375001 0.697265625 0.7702652999999999 0.6995009609375
0 0.5254477203125 0.646484375 0.5441154078125 0.6455078125 0.546080428125 0.6279296875 0.5431328984375 0.625 0.529377759375 0.623046875 0.5264302296875 0.6259765625 0.5254477203125 0.646484375
0 0.5234827 0.689453125 0.5397666906249999 0.6918280484375 0.5421503890625 0.6513671875 0.5372378390625 0.646484375 0.522500190625 0.6474609375 0.5195526609375001 0.689453125 0.5234827 0.689453125
0 0.5333077984375 0.765625 0.53470589375 0.7502192187500001 0.5354175062500001 0.7456177859374999 0.5398561374999999 0.6910308484375001 0.5190603609375 0.68949078125 0.5149139265625 0.738412365625 0.5100767515625 0.7372980640625 0.50678003125 0.7607421875 0.5097275609375 0.763671875 0.5333077984375 0.765625
0 0.5627830968749999 0.767578125 0.5686781546875 0.765625 0.571625684375 0.7607421875 0.5706431750000001 0.744140625 0.5470629375 0.7421875 0.5441154078125 0.7451171875 0.5421503890625 0.7607421875 0.5450979171875 0.763671875 0.5627830968749999 0.767578125
0 0.588328353125 0.73046875 0.6099435718749999 0.732421875 0.6128911015625 0.7294921875 0.6138736109375 0.67578125 0.57752074375 0.6748046875 0.5753164984375 0.7300017609375 0.588328353125 0.73046875
0 0.659069065625 0.841796875 0.682649303125 0.84375 0.7004763734375 0.8465599625 0.7038034765625001 0.8086591109375 0.6964044421875 0.802734375 0.6629991046875 0.802734375 0.6600515765625 0.8076171875 0.6577172953125 0.8407822015624999 0.6576719468750001 0.8423524359375 0.659069065625 0.841796875
0 0.3387708390625 0.916015625 0.35645601718750003 0.91796875 0.359403546875 0.9150390625 0.359680765625 0.8978426718750001 0.3387708390625 0.896484375 0.3381284171875 0.9022158828125001 0.335823309375 0.9130859375 0.3387708390625 0.916015625
0 0.5721954390625 0.8139695874999999 0.6236987093749999 0.8203125 0.63450631875 0.8193359375 0.635488828125 0.802734375 0.6059159937499999 0.8007862734375 0.5727525609375 0.7974921578124999 0.5726039296875001 0.804591090625 0.5721954390625 0.8139695874999999
0 0.5624704390625 0.7890382046875 0.5614910484375 0.8112575906249999 0.5716835984374999 0.8118993906249999 0.5726081953125 0.7890625 0.5624704390625 0.7890382046875
0 0.4919061078125 0.8057367421875 0.5600214718750001 0.810742978125 0.561675115625 0.7974041046875 0.556906125 0.796083328125 0.5098146781249999 0.7911103578125 0.482217284375 0.7890625 0.479230140625 0.80399038125 0.4919061078125 0.8057367421875