0 0.8046756046875 0.1484375 0.8439760015625 0.1484375 0.8450717843750001 0.14554006875 0.8577311390625001 0.146484375 0.8626436890625 0.1416015625 0.8587136484375 0.1279296875 0.8567486296875 0.0810546875 0.8547836109375 0.0791015625 0.852818590625 0.0439453125 0.8498710609375 0.03515625 0.8164657234374999 0.037109375 0.812535684375 0.041015625 0.7909204671875 0.04296875 0.7879729359375001 0.0263671875 0.7752003078125 0.01171875 0.7634101890625 0.005859375 0.7457250109375 0.005859375 0.7319698734375 0.01171875 0.7231272843750001 0.0205078125 0.7152672046874999 0.0361328125 0.7152672046874999 0.0458984375 0.7172322234374999 0.0478515625 0.7142846953124999 0.05078125 0.7083896359375 0.052734375 0.6926694765625 0.052734375 0.6887394375 0.05078125 0.6867744171875 0.052734375 0.6671242203125 0.052734375 0.6563166109374999 0.0556640625 0.6563166109374999 0.0732421875 0.65828163125 0.0751953125 0.65828163125 0.0908203125 0.6627386515625 0.10742677656249999 0.66374 0.124466928125 0.666141709375 0.1357421875 0.6681067296875 0.1630859375 0.6887394375 0.1640625 0.6907044578125 0.162109375 0.7024945765624999 0.162109375 0.7103546546875 0.158203125 0.7292636890625 0.156282953125 0.7358999125000001 0.166015625 0.7545676 0.1650390625 0.79485050625 0.16015625 0.7977980359375 0.1572265625 0.7977980359375 0.1513671875 0.8046756046875 0.1484375
0 0.6563166109374999 0.3388671875 0.6543515906249999 0.3056640625 0.6514040609375 0.298828125 0.602278565625 0.302734375 0.5914709578124999 0.3056640625 0.595400996875 0.3564453125 0.60129605625 0.3623046875 0.647474021875 0.357421875 0.6543515906249999 0.3505859375 0.65828163125 0.3408203125 0.6563166109374999 0.3388671875
0 0.5374329140625 0.373046875 0.5384154234375 0.3603515625 0.5273367515625 0.259787303125 0.522695265625 0.2255859375 0.519747734375 0.22265625 0.48241235937500004 0.224609375 0.460797140625 0.228515625 0.4747577203125 0.32381174218750003 0.454615278125 0.325244428125 0.4617796515625 0.3798828125 0.472587259375 0.380859375 0.5374329140625 0.373046875
0 0.2682252015625 0.400390625 0.34682599375 0.39453125 0.4057765875 0.38671875 0.4087241171875 0.3837890625 0.406759096875 0.3505859375 0.40282905781249995 0.3271484375 0.399881528125 0.32421875 0.2623301421875 0.33984375 0.2593826125 0.3427734375 0.2593826125 0.3544921875 0.265277671875 0.3955078125 0.2682252015625 0.400390625
0 0.0442129453125 0.423828125 0.201414528125 0.408203125 0.21123962812500002 0.40625 0.2141871578125 0.4013671875 0.206965259375 0.33325952812500004 0.2027298046875 0.32151379687500004 0.03591469375 0.33916989062499997 0.03537035625 0.3408203125 0.03537035625 0.3603515625 0.0393003953125 0.4150390625 0.0442129453125 0.423828125
0 0.0844958515625 0.3037109375 0.082696378125 0.2847311125 0.081548321875 0.279296875 0.049350078125 0.28446356562499997 0.050845843749999994 0.28973140937499997 0.05403804375 0.310546875 0.081548321875 0.306640625 0.0844958515625 0.3037109375
0 0.16236961562500002 0.28519729374999997 0.1453350140625 0.2873092953125 0.139509990625 0.2894273796875 0.1410516390625 0.30130181562499997 0.16309664375 0.2978515625 0.16236961562500002 0.28519729374999997
0 0.026527767187500002 0.193359375 0.0284927875 0.19140625 0.06779318281249999 0.189453125 0.0727057328125 0.1845703125 0.0694126578125 0.151020228125 0.06386314374999999 0.150390625 0.046177965625 0.15234375 0.0432304359375 0.1474609375 0.04078699375 0.128113771875 0.041265415625 0.1259765625 0.039334587500000004 0.099260071875 0.046177965625 0.09765625 0.059933103125 0.09765625 0.064845653125 0.0947265625 0.0628806328125 0.0615234375 0.046177965625 0.060546875 0.0442129453125 0.0625 0.000982509375 0.06640625 0 0.1669921875 0.00196501875 0.1689453125 0.0039300390625 0.1923828125 0.026527767187500002 0.193359375
0 0.11593616874999998 0.0556640625 0.1175067375 0.07379214843750001 0.12379624687499999 0.0732421875 0.15228903437500002 0.072265625 0.1552365640625 0.0693359375 0.154326796875 0.05985515 0.1513065234375 0.0439453125 0.14934150468750002 0.0107421875 0.1232510171875 0.0112757453125 0.1149536578125 0.01171875 0.1130945609375 0.0118669515625 0.11200612812499999 0.0185546875 0.11408038281249999 0.0192068078125 0.11593616874999998 0.0556640625
0 0.1562190734375 0.072265625 0.1601491125 0.072265625 0.171009565625 0.0700818734375 0.2073095890625 0.06640625 0.20718676875000003 0.0494686859375 0.206327078125 0.0439453125 0.20595904687500002 0.0272185640625 0.2048241078125 0.023206921875 0.2023970390625 0.0048828125 0.20329815468749998 0.0016188203125000003 0.1955194703125 0.001953125 0.18992244687499998 0.0034253765625 0.17450219375 0.0046275515625 0.1680091921875 0.005859375 0.1503240140625 0.0078125 0.14934150468750002 0.0263671875 0.15056078906249998 0.0275775703125 0.15555451874999998 0.07011645625 0.1562190734375 0.072265625
0 0.2878754 0 0.288857909375 0.0263671875 0.2927879484375 0.0537109375 0.295735478125 0.056640625 0.429356825 0.04296875 0.442129453125 0.0380859375 0.43721690312500006 0 0.2878754 0
0 0.5138526765625 0.01953125 0.5138526765625 0.0390625 0.5423454624999999 0.0361328125 0.5413629531249999 0.01953125 0.5138526765625 0.01953125
0 0.5413629531249999 0.037109375 0.5138526765625 0.0390625 0.5138526765625 0.056640625 0.5443104828124999 0.0556640625 0.5443104828124999 0.0400390625 0.5413629531249999 0.037109375
0 0.5443104828124999 0.0712890625 0.5433279718749999 0.056640625 0.5138526765625 0.056640625 0.512870165625 0.0712890625 0.5158176953125 0.07421875 0.5413629531249999 0.07421875 0.5443104828124999 0.0712890625
0 0.51188765625 0 0.51188765625 0.01953125 0.5423454624999999 0.0185546875 0.5433279718749999 0 0.51188765625 0
0 0.4558845921875 0.0009765625 0.44114694375 0 0.442129453125 0.0380859375 0.458832121875 0.0390625 0.45981463125 0.0263671875 0.4558845921875 0.0009765625
0 0.1308793375 0.1576897265625 0.139975696875 0.1700372 0.169238178125 0.16495120624999998 0.1667193609375 0.1338903203125 0.16309664375 0.0849609375 0.12084871718750001 0.087890625 0.1179011875 0.0908203125 0.1179011875 0.1142578125 0.11986620781249999 0.1279296875 0.1308793375 0.1576897265625
0 0.24429411875 0.269792790625 0.24570369374999998 0.2803618546875 0.25054002343750004 0.279296875 0.28973908125 0.27706694375 0.295783959375 0.276037634375 0.3072036375 0.2740663203125 0.3085081078125 0.2705078125 0.305013484375 0.2531450328125 0.2986830078125 0.2255859375 0.29748678281249996 0.21297666875000001 0.29593129218750003 0.20613620625 0.293613640625 0.198953578125 0.264659990625 0.2025301078125 0.2662601828125 0.21875 0.2387499046875 0.22265625 0.2377673953125 0.2333984375 0.23973241406249998 0.2353515625 0.24169743437500002 0.2587890625 0.24429411875 0.269792790625
0 0.2564350828125 0.19140625 0.253487553125 0.1591796875 0.236784884375 0.16015625 0.23383735625000002 0.1630859375 0.23383735625000002 0.1748046875 0.2377673953125 0.1923828125 0.2564350828125 0.19140625
0 0.27109869999999997 0.18822258281249998 0.2684098828125 0.158286753125 0.2564350828125 0.158203125 0.253487553125 0.1611328125 0.2554525734375 0.1865234375 0.25697320625 0.19047410625 0.27109869999999997 0.18822258281249998
0 0.2874653453125 0.1836153375 0.2849278703125 0.1572265625 0.27019022187499997 0.158203125 0.27117273124999997 0.1923828125 0.2859103796875 0.193359375 0.288857909375 0.1904296875 0.2874653453125 0.1836153375
0 0.3094906171875 0.2421875 0.32717579531249996 0.240234375 0.3320883453125 0.2373046875 0.3291944140625 0.2141876203125 0.3370766984375 0.21273729531250002 0.340930934375 0.216796875 0.3537035625 0.2158203125 0.3526811828125 0.1986156390625 0.3487910140625 0.181640625 0.297078784375 0.18776495625 0.3003115984375 0.204553521875 0.30220141875 0.21389333124999999 0.306641225 0.23564397812500001 0.3094906171875 0.2421875
0 0.354508671875 0.20929171875 0.3576336015625 0.2197265625 0.36844121093750004 0.220703125 0.377569025 0.21922010625000002 0.395979909375 0.21847100625000002 0.394240253125 0.18066681406250001 0.38907391874999997 0.1787109375 0.3871088984375 0.1650390625 0.38579838906249997 0.1632122265625 0.3802313296875 0.1640625 0.352721053125 0.16796875 0.3497735234375 0.1708984375 0.3495517859375 0.1761792546875 0.35426500625 0.20148671875000002 0.354508671875 0.20929171875
0 0.21293593125000002 0.24752740625 0.2161521765625 0.2451171875 0.2167640328125 0.22784335156250002 0.2158565671875 0.2097975015625 0.21349772968749997 0.20957983281249998 0.196946503125 0.2095215046875 0.18176433125 0.208984375 0.17581286093749998 0.22862368593750002 0.167517565625 0.2296081734375 0.1680091921875 0.24609375 0.1766208484375 0.24733036562500002 0.21293593125000002 0.24752740625
0 0.08744338125 0.26953125 0.130673815625 0.267578125 0.14347495625 0.26082877187500003 0.138800178125 0.2267377609375 0.10910892187500001 0.2286411375 0.0992335 0.23046875 0.083513340625 0.232421875 0.08056581093750001 0.2353515625 0.08056581093750001 0.2509765625 0.0844958515625 0.2666015625 0.08744338125 0.26953125
0 0.02554525625 0.2880859375 0.000982509375 0.2890625 0 0.3271484375 0.00491255 0.328125 0.0284927875 0.322265625 0.02554525625 0.2880859375
0 0 0.2900390625 0.022597728125 0.287109375 0.0219373484375 0.267754196875 0.019758160937499998 0.2668692875 0.00393704375 0.267217109375 0 0.2685546875 0 0.2900390625
0 0.0275102765625 0.2333984375 0.024562746875 0.21484375 0.000982509375 0.216796875 0.000982509375 0.23828125 0.0047938859375 0.23804881406249997 0.0180786375 0.23618489999999998 0.0275102765625 0.2333984375
0 0.12084871718750001 0.541015625 0.1227200015625 0.5375873921875 0.1227112015625 0.5304542859375 0.12084871718750001 0.515625 0.071862284375 0.520622028125 0.0655708875 0.52167384375 0.0668106734375 0.5361328125 0.0736882421875 0.544921875 0.10905859843750002 0.54296875 0.12084871718750001 0.541015625
0 0 0.6279296875 0.026527767187500002 0.626953125 0.0287293859375 0.6157472640625 0.0239477234375 0.571968725 0.022597728125 0.568359375 0.0029475296875 0.568359375 0 0.5712890625 0 0.6279296875
0 0.078224115625 0.6330220078125001 0.083513340625 0.6328125 0.0995933390625 0.631529071875 0.11691867812500001 0.62890625 0.13230244687499998 0.62743440625 0.1407059078125 0.62639808125 0.14008401406249998 0.6186077421875 0.14624672656249998 0.6175731640625 0.190252678125 0.6131589578125001 0.19158942968749998 0.62109375 0.20861784375 0.6195890640624999 0.2138705546875 0.619557634375 0.2479701375 0.61661279375 0.252634334375 0.6155764687499999 0.25152253281250003 0.6083984375 0.25034000624999997 0.5915026359375 0.2502556828125 0.588272303125 0.24975676249999998 0.58440114375 0.2495575140625 0.5810546875 0.24865703125 0.571487671875 0.24759249374999998 0.5615234375 0.24668067656249998 0.5521702859375 0.24635128437499998 0.5436343515625001 0.2387499046875 0.544921875 0.1691750765625 0.5504931328125 0.166044171875 0.55078125 0.120805334375 0.5563967828124999 0.11691867812500001 0.556640625 0.090536365625 0.5600845999999999 0.08744338125 0.560546875 0.0809427015625 0.561127909375 0.0704864671875 0.562530921875 0.0700657234375 0.5620778015625 0.07258843125 0.5847774343750001 0.0727057328125 0.5869140625 0.07663577187500001 0.6318359375 0.078224115625 0.6330220078125001
0 0.2928753546875 0.5759771890625001 0.2936647625 0.5872978546875001 0.2942888609375 0.5945013875 0.3029876375 0.5947084031250001 0.3107950546875 0.5941032828125 0.31929648125 0.5940229375 0.3356431921875 0.5927019515625 0.3487910140625 0.591796875 0.40092517031249997 0.5863329921875 0.40381156718750005 0.5859375 0.418938084375 0.5852928515625 0.42149674531250003 0.583984375 0.43695828125 0.5830583953125 0.4499895328125 0.5810546875 0.44687248437499993 0.536268003125 0.44605949375 0.5341796875 0.44605949375 0.5263671875 0.4415643734375 0.5260084703125 0.4273918046875 0.52734375 0.4110032265625 0.528994259375 0.4077416078125 0.529296875 0.3934410890625 0.53092543125 0.39005642812499997 0.53125 0.37632317656250003 0.533172915625 0.3723712515625 0.533203125 0.352314696875 0.5350280859375001 0.3487910140625 0.53515625 0.32073401874999996 0.5385010109375 0.317350696875 0.5390625 0.2938927 0.541426 0.2901626765625 0.5424161953125 0.2904721765625 0.5452897906249999 0.2908229296875 0.5478515625 0.29167813593749997 0.5646239515625 0.2928753546875 0.5759771890625001
0 0.5041472359375 0.5677840078124999 0.5061108609375 0.5835527671875 0.5089401265625 0.6005859375 0.5086364921875 0.60729290625 0.5012442906250001 0.6085548359375 0.49709892343749995 0.608709690625 0.5029586375 0.658674971875 0.5234667843749999 0.6573156250000001 0.5234163625 0.6551572265625001 0.5459906765625 0.6523698328124999 0.54713451875 0.65495394375 0.5684624484375 0.650766096875 0.56742285 0.6395331859375 0.5678907203125 0.6318359375 0.5674013203125 0.6195788328125 0.5665056234375 0.612976371875 0.5659257 0.5986328125 0.5639907562500001 0.5828195984375 0.563679159375 0.5763562265625 0.5616022265625 0.5620504265624999 0.558065621875 0.5615234375 0.5572852 0.5493297796875 0.56396068125 0.5458984375 0.5624401390625 0.528256528125 0.55413558125 0.5244140625 0.5525194734375 0.513379171875 0.5452929921874999 0.51171875 0.5315733921875 0.5126392453124999 0.5088189171875 0.5149074515625001 0.49616749687499995 0.515625 0.4871448328125 0.5200294953125 0.48867222187500003 0.5335953703125 0.4908992875 0.5516852671875 0.49218193125000004 0.5684794484375 0.5041472359375 0.5677840078124999
0 0.7264619765625 0.7823788640625 0.77923145625 0.7771174921874999 0.7676724265625 0.6585736875 0.76634656875 0.634299084375 0.7408202 0.636800975 0.70566345625 0.640935215625 0.636380875 0.647574190625 0.5663752265625 0.6547397328125 0.5752811062500001 0.718459678125 0.6228888984375 0.7153543734375 0.622311878125 0.700126709375 0.719458978125 0.6912903953125 0.7264619765625 0.7823788640625
0 1 0.6123046875 0.995282525 0.609375 0.9874224453125 0.61328125 0.9618771890625 0.61328125 0.9441920109374999 0.6171875 0.9174944953124999 0.619214565625 0.9029265953125 0.62109375 0.8880753468749999 0.6226118796875 0.8832763968749999 0.623046875 0.86559121875 0.625 0.8622042515624999 0.625838484375 0.8636425546875 0.6481380999999999 0.8646087093749999 0.6513671875 0.8675312765625 0.6778386046875 0.869489065625 0.6916041890625 0.8712220984375 0.7124362718749999 0.8724687875000001 0.7216796875 0.8743086218749999 0.7478987218750001 0.87572925625 0.76310865625 0.9206117734375001 0.76171875 0.9277576953125 0.760967421875 0.9274893421874999 0.7529296875 0.9273371593749999 0.744307515625 0.9274893421874999 0.7392578125 0.9210262921875 0.68983879375 0.9165714359375 0.6898521421875 0.9145952703125 0.6719881437499999 0.9369720296875 0.6693059796874999 0.9441920109374999 0.66796875 0.997005409375 0.6624991359375 1 0.6630859375 1 0.6123046875
0 0.7879729359375001 0.8525390625 0.7878186765625 0.8468441296875 0.7457250109375 0.849609375 0.7358999125000001 0.8515625 0.7309873625 0.8564453125 0.72902234375 0.8623046875 0.7447425015625 0.9990234375 0.8046756046875 1 0.7879729359375001 0.8525390625
0 0.9579471484375001 1 0.9432095 0.8330078125 0.9402619703124999 0.830078125 0.9213123609375 0.8306258734374999 0.8849674000000001 0.8350647125 0.8862155296875001 0.8548382765625 0.8966800421875 0.9632373515625 0.9013422671875 1 0.906856634375 1 0.9579471484375001 1
0 0.1267437765625 0.806640625 0.12969130625 0.8037109375 0.13165632656249998 0.7353515625 0.128708796875 0.732421875 0.11102361875 0.732421875 0.06779318281249999 0.736328125 0.0668106734375 0.7529296875 0.0746707515625 0.8056640625 0.07761828125 0.80859375 0.1267437765625 0.806640625
0 0.2780503015625 0.853515625 0.28099783125 0.8505859375 0.277067790625 0.8251953125 0.2756446953125 0.8047762890625 0.201414528125 0.810546875 0.0854783609375 0.8203125 0.0844958515625 0.8466796875 0.08744338125 0.87109375 0.2151696671875 0.865234375 0.2780503015625 0.853515625
0 0.49321996874999996 0.9755859375 0.4912549484375 0.9423828125 0.48830741875 0.939453125 0.399881528125 0.943359375 0.39889901875 0.9521484375 0.4077416078125 0.982421875 0.41560168593749997 0.984375 0.49321996874999996 0.9755859375
0 0.6612291609375001 0.822265625 0.674877584375 0.821793034375 0.6778357359375 0.8209578296875 0.675966809375 0.8017578125 0.6746283390625 0.8002232703125 0.6572991203125 0.80078125 0.6494390421875 0.802734375 0.64845653125 0.8037109375 0.64845653125 0.8193359375 0.6514040609375 0.822265625 0.6612291609375001 0.822265625
0 0.6612291609375001 0.80078125 0.6690892390625 0.80078125 0.6749842984375001 0.798828125 0.675966809375 0.7978515625 0.675966809375 0.7705078125 0.6730192796875001 0.767578125 0.6572991203125 0.767578125 0.6543515906249999 0.7705078125 0.6543515906249999 0.7841796875 0.6559385640625 0.8008954921875 0.6612291609375001 0.80078125
0 0.6690892390625 0.89453125 0.6730192796875001 0.892578125 0.6712110499999999 0.8642835234374999 0.67203676875 0.8466796875 0.6690892390625 0.84375 0.6430054890625 0.845835096875 0.6425193874999999 0.8754519625 0.634815365625 0.8758098046875 0.6366664125 0.8955078125 0.655781875 0.8956845281250001 0.6690892390625 0.89453125
0 0.6455090015625 0.947265625 0.6630391484375 0.9471138234375 0.666141709375 0.9443359375 0.6647758515625 0.9348341906250001 0.664176690625 0.9228515625 0.6631941796875 0.921875 0.659264140625 0.921875 0.6435439828125 0.923828125 0.642561471875 0.9248046875 0.642561471875 0.9365234375 0.6445264921875 0.9462890625 0.6455090015625 0.947265625
0 0.6081736265625 0.87890625 0.6312268125 0.8768130671875 0.6301358171875 0.868402328125 0.630771353125 0.8486328125 0.6278238234375 0.845703125 0.602278565625 0.845703125 0.588523428125 0.84765625 0.58754091875 0.8486328125 0.58922601875 0.8663972546875 0.590488446875 0.87890625 0.6081736265625 0.87890625
0 0.6446153812500001 1 0.6445264921875 0.9990234375 0.6445264921875 0.9814453125 0.6435439828125 0.98046875 0.6258588031250001 0.98046875 0.62487629375 0.9814453125 0.62487629375 0.9853515625 0.6253382046875 1 0.6267331046875 1 0.6446153812500001 1
0 0.5983485265625 1 0.5993310359375 0.9990234375 0.5985508640625 0.985205896875 0.5963835078125 0.97265625 0.591504209375 0.9668016578125 0.5684052671875001 0.9690943093750001 0.56414185625 0.97570786875 0.56396068125 0.9990234375 0.564943190625 1 0.5983485265625 1
0 0.512246303125 0.9920019984374999 0.5158176953125 0.9921875 0.518765225 0.9892578125 0.5170249671875 0.9780562984375001 0.51680020625 0.9677734375 0.5155732203125 0.96795051875 0.5073000171875 0.9681294406250001 0.49889490312499996 0.9691776125 0.4984226484375 0.9717687093749999 0.5002234828125001 0.9920570515625 0.5058898125 0.9916753046875 0.512246303125 0.9920019984374999
0 0.441213675 0.9312953687500001 0.44323689218749995 0.9303771375000001 0.442912459375 0.915325978125 0.44174958125 0.9153403390625 0.413636665625 0.916015625 0.41265415625 0.9169921875 0.4128658703125 0.9320873984375 0.41838648125000005 0.9318484843749999 0.441213675 0.9312953687500001
0 0.4220428078125 0.91430635 0.42542678437500003 0.9140625 0.4264092953125 0.9130859375 0.4263497515625 0.91032270625 0.42606122031250004 0.9071807015625 0.42566542187499995 0.903346759375 0.42542678437500003 0.90234375 0.41283171875 0.9024298343750001 0.4133829484375 0.905560959375 0.4135738421875 0.9146362171875 0.41431903124999997 0.9146984484375 0.4220428078125 0.91430635
0 0.41756670625 0.90234375 0.4295494203125 0.9015821015625001 0.430122978125 0.8977233546875001 0.42989486875000005 0.8942749828125001 0.429593640625 0.8890723984375001 0.41756670625 0.888671875 0.411671646875 0.888671875 0.4106891359375 0.8896484375 0.4106891359375 0.8994140625 0.413636665625 0.90234375 0.41756670625 0.90234375
0 0.373458015625 1 0.3736327109375 0.999379821875 0.37257622343749996 0.9879149875 0.37249916562499996 0.986242153125 0.36282572812499997 0.9868022296875001 0.35795179374999997 0.9870994578125 0.3579583609375 0.98827009375 0.35863437187499997 0.9988745781249999 0.3586161125 1 0.373458015625 1
0 0.2898404203125 0.99609375 0.2933877828125 0.9952561953125001 0.2913437859375 0.9697865578125 0.29044182812499997 0.9589353609375 0.2722977421875 0.9603645390625 0.2559260828125 0.9617056984374999 0.2446449640625 0.962890625 0.236098125 0.964811815625 0.23851799218749997 0.99753623125 0.24857500312499997 0.998046875 0.26534447656250004 0.9968294656250001 0.2898404203125 0.99609375
0 0.31514494375 0.9935394843750001 0.32521077656249997 0.9921875 0.327347925 0.9892715078125001 0.32712883125 0.9854710140625 0.324228265625 0.9560546875 0.32324575625 0.955078125 0.30128433125 0.9558585828125 0.2918029640625 0.9571743140625 0.2908229296875 0.9599609375 0.2927879484375 0.9931640625 0.293770459375 0.994140625 0.31514494375 0.9935394843750001
0 0.0854783609375 1 0.1454114640625 0.9990234375 0.14414906249999998 0.9788943124999999 0.144270415625 0.9756643171875 0.12477875624999998 0.9765625 0.12261820937500001 0.9776027062500001 0.11939543749999999 0.9783081671874999 0.1158387765625 0.9776959406250001 0.1143831828125 0.9647537875 0.1139711484375 0.9619140625 0.11298863750000002 0.955078125 0.103671875 0.9566305484375001 0.0992335 0.95703125 0.08496103125 0.9575648609374999 0.08424536875000001 0.9594034953125 0.084049890625 0.96417676875 0.0841194234375 0.96879095625 0.0854783609375 1
0 0.0186676875 0.990234375 0.038317885937500004 0.98828125 0.041265415625 0.9853515625 0.0432304359375 0.9814453125 0.0432304359375 0.9716796875 0.041265415625 0.9599609375 0.04028290625 0.958984375 0.024562746875 0.958984375 0.012772628125 0.9609375 0.01179011875 0.9619140625 0.01179011875 0.9677734375 0.0137551390625 0.9853515625 0.0186676875 0.990234375
0 0.0756532625 0.91015625 0.081548321875 0.91015625 0.10129792500000001 0.90777440625 0.113300834375 0.9062506875 0.11153431250000001 0.8879034734375001 0.1095204890625 0.8713205640625 0.0865937359375 0.87233768125 0.085943015625 0.8645469609375 0.06877569375 0.8662109375 0.0704011546875 0.8794946593749999 0.0727057328125 0.9072265625 0.0756532625 0.91015625
0 0.9442417046875 0.3477821609375 0.95120094375 0.347493409375 0.9510672250000001 0.350366815625 0.9810336015625 0.34817500468749996 0.9809188171875001 0.34291513125 0.9805448765625 0.3388671875 0.9795623671874999 0.326171875 0.9520520890625 0.330078125 0.9512565609375001 0.3306569875 0.9506092718750001 0.3346160078125 0.9436376093750001 0.33630794218750004 0.9442417046875 0.3477821609375
0 0.896715709375 0.3504485609375 0.8994604718750001 0.34969168906250003 0.9003272703125 0.3428539703125 0.8992610781250001 0.3396171234375 0.8950838796875 0.339256625 0.884826075 0.3395189125 0.884344453125 0.3442289234375 0.88425890625 0.3505859375 0.8848024078125001 0.3503591703125 0.896715709375 0.3504485609375
0 0.9648247187500001 0.2431640625 0.9648247187500001 0.2333984375 0.963755390625 0.231327690625 0.9324018921875 0.234375 0.9294543624999999 0.2373046875 0.9324018921875 0.251953125 0.9653879640625 0.25030596250000003 0.9648247187500001 0.2431640625
0 0.637648921875 0.30078125 0.6514040609375 0.298828125 0.6530817124999999 0.295374275 0.6514646640625 0.2774885828125 0.6494390421875 0.267578125 0.586116734375 0.274075396875 0.58754091875 0.2880859375 0.5895059375 0.3017578125 0.5924534671874999 0.3046875 0.637648921875 0.30078125
0 0.175869271875 0.703125 0.17792059843750002 0.6981221953125 0.17615763125 0.6772631046875001 0.1699742125 0.677734375 0.1621141328125 0.677734375 0.159166603125 0.6806640625 0.1611316234375 0.7021484375 0.1680091921875 0.705078125 0.175869271875 0.703125
0 0.15228903437500002 0.705078125 0.1552365640625 0.7021484375 0.15327154375000002 0.6767578125 0.1503240140625 0.673828125 0.140498915625 0.673828125 0.1375513859375 0.6767578125 0.1375513859375 0.7021484375 0.140498915625 0.705078125 0.15228903437500002 0.705078125
0 0.210798921875 0.6947503546875 0.210648784375 0.68909521875 0.20887107968750002 0.677383953125 0.20970743125000002 0.67730521875 0.20828250312500002 0.6757616609375 0.2034642796875 0.6766845 0.1984669984375 0.6767578125 0.1999788734375 0.6975023921875 0.20469117187500002 0.695670446875 0.210798921875 0.6947503546875
0 0.22499476562499998 0.69921875 0.229907315625 0.6962890625 0.2280721328125 0.6745376171874999 0.22026128437499998 0.67546411875 0.21412866406250003 0.6750283328125 0.2141871578125 0.6923828125 0.21661837187500002 0.699953225 0.22499476562499998 0.69921875
0 0.2446449640625 0.697265625 0.2529471015625 0.6977907796875 0.2519854828125 0.686421 0.250197646875 0.6726663046875 0.24587957500000002 0.672933634375 0.23755475937499998 0.6721993921875 0.22794229531250002 0.6748046875 0.22794229531250002 0.6826171875 0.2297347 0.6995009609375 0.2446449640625 0.697265625
0 0.4735697703125 0.6259765625 0.470622240625 0.623046875 0.4568671015625 0.625 0.45391957187500004 0.6279296875 0.4558845921875 0.6455078125 0.4745522796875 0.646484375 0.4735697703125 0.6259765625
0 0.4804473390625 0.689453125 0.477499809375 0.6474609375 0.4627621609375 0.646484375 0.4578496109375 0.6513671875 0.46023330937500007 0.6918280484375 0.4765173 0.689453125 0.4804473390625 0.689453125
0 0.4902724390625 0.763671875 0.49321996874999996 0.7607421875 0.4899232484375 0.7372980640625 0.4850860734375 0.738412365625 0.48093963906250004 0.68949078125 0.4601438625 0.6910308484375001 0.46458249374999994 0.7456177859374999 0.46529410625 0.7502192187500001 0.4666922015625 0.765625 0.4902724390625 0.763671875
0 0.4549020828125 0.763671875 0.4578496109375 0.7607421875 0.4558845921875 0.7451171875 0.45293706250000004 0.7421875 0.429356825 0.744140625 0.428374315625 0.7607421875 0.43132184531249995 0.765625 0.43721690312500006 0.767578125 0.4549020828125 0.763671875
0 0.4246835015625 0.7300017609375 0.42247925625000005 0.6748046875 0.3861263890625 0.67578125 0.3871088984375 0.7294921875 0.39005642812499997 0.732421875 0.411671646875 0.73046875 0.4246835015625 0.7300017609375
0 0.34232805312500003 0.8423524359375 0.3422827046875 0.8407822015624999 0.3399484234375 0.8076171875 0.3370008953125 0.802734375 0.30359555781249997 0.802734375 0.2961965234375 0.8086591109375 0.2995236265625 0.8465599625 0.317350696875 0.84375 0.340930934375 0.841796875 0.34232805312500003 0.8423524359375
0 0.664176690625 0.9130859375 0.6618715828124999 0.9022158828125001 0.6612291609375001 0.896484375 0.6403192343749999 0.8978426718750001 0.640596453125 0.9150390625 0.6435439828125 0.91796875 0.6612291609375001 0.916015625 0.664176690625 0.9130859375
0 0.4273960703125 0.804591090625 0.42724743906249996 0.7974921578124999 0.39408400625 0.8007862734375 0.364511171875 0.802734375 0.36549368125 0.8193359375 0.376301290625 0.8203125 0.42780456093749997 0.8139695874999999 0.4273960703125 0.804591090625
0 0.4273918046875 0.7890625 0.4283164015625 0.8118993906249999 0.4385089515625 0.8112575906249999 0.43752956093749995 0.7890382046875 0.4273918046875 0.7890625
0 0.520769859375 0.80399038125 0.517782715625 0.7890625 0.490185321875 0.7911103578125 0.443093875 0.796083328125 0.43832488437499995 0.7974041046875 0.439978528125 0.810742978125 0.5080938921875 0.8057367421875 0.520769859375 0.80399038125