0 0.855664971875 0.651759609375 0.9815352031250001 0.601957146875 0.998617534375 0.5957562734375 1 0.5511351578125 0.9931640625 0.550148640625 0.8408203125 0.6113126421875 0.83984375 0.6201912859375 0.849609375 0.64584070625 0.855664971875 0.651759609375
0 0.7560077328125 0.6589136875 0.7666804484374999 0.6875481390625 0.8395162546874999 0.659786284375 0.8354845609374999 0.6529768109375 0.849941603125 0.6479306671875 0.8369140625 0.61525870625 0.8154296875 0.6211778031249999 0.751953125 0.6478137390625001 0.7560077328125 0.6589136875
0 0.9612091625 0.8690098296875 0.974088240625 0.8737516734374999 0.987703434375 0.8689070531249999 1 0.8648472890625 0.9990234375 0.8283461921875 0.9539696703124999 0.83881961875 0.9375 0.8510360640625001 0.9419244625 0.8732861546875 0.9612091625 0.8690098296875
0 0.90625 0.9674449671875 0.9169921875 0.994080903125 0.9326140296875 0.9893506500000001 0.9375 0.987175290625 0.936016640625 0.979592378125 0.93064528125 0.9636989281250001 0.9267578125 0.958566321875 0.9111328125 0.9625123875 0.90625 0.9674449671875
0 0.9759762125 0.9756318125 0.9796612796874999 0.9738306953125001 0.974609375 0.9536337421875001 0.9677734375 0.952647225 0.962890625 0.95757980625 0.9682785781250001 0.9781372640624999 0.9759762125 0.9756318125
0 0.9765625 0.9773101296875 0.9794921875 0.9921078703124999 0.9990234375 0.9861887734374999 0.9990234375 0.9704045156250001 0.9765625 0.9773101296875
0 0.5751620234375 0.7808557171875 0.5804671015625 0.7929585546875 0.6017872203125 0.7846016421875001 0.6003074390625 0.776738634375 0.5988811796875 0.77392645 0.5927734375 0.7612630953124999 0.582063325 0.765616296875 0.572265625 0.7701417390625 0.5751620234375 0.7808557171875
0 0.0959940453125 0.3788446890625 0.08984375 0.387373478125 0.0927734375 0.3903330265625 0.1083984375 0.4001981875 0.11094039062500001 0.4015651578125 0.115234375 0.39526560625 0.12217381875 0.3840513015625 0.1171875 0.38145438125000003 0.11269415625000001 0.37814489375 0.10089191875 0.3713502046875 0.0986328125 0.37454876875 0.0959940453125 0.3788446890625
0 0.1396484375 0.200921928125 0.134526078125 0.1990932984375 0.1312249828125 0.2045064 0.12015266875 0.2245660046875 0.11728416562499999 0.2277013203125 0.1325656765625 0.23859255468749999 0.130859375 0.2413690890625 0.1192952078125 0.257642025 0.12109375 0.25912638125 0.1630859375 0.2877353484375 0.1669921875 0.2877353484375 0.169921875 0.28477579999999997 0.1796875 0.267018509375 0.19006875625 0.25255407343749997 0.1943680765625 0.24604239843750003 0.17295044375 0.232327125 0.1650390625 0.2265713484375 0.15272329843750002 0.21907313281250002 0.1579101203125 0.21361060781250002 0.1396484375 0.200921928125
0 0.202471465625 0.184328875 0.1962890625 0.1831646375 0.1911674046875 0.18177275937499998 0.186035515625 0.181392984375 0.18359375 0.1861241859375 0.182726696875 0.1890734671875 0.181640625 0.1940163140625 0.1826171875 0.200921928125 0.2197265625 0.2206522515625 0.2294921875 0.22854437968750002 0.236328125 0.22361179999999997 0.248046875 0.1999354125 0.2505974109375 0.19093506093749998 0.24077395 0.189409021875 0.2216796875 0.1851376703125 0.2099609375 0.1851376703125 0.202471465625 0.184328875
0 0.2314453125 0.1871107015625 0.2490234375 0.1910567671875 0.251953125 0.18809721875000002 0.251953125 0.182178121875 0.2533637734375 0.1778466796875 0.2544984703125 0.1647487578125 0.2529296875 0.1634343140625 0.24679248281250002 0.1625429390625 0.240888965625 0.1623105640625 0.234375 0.16244779843749999 0.2314453125 0.1871107015625
0 0.180740040625 0.1628443140625 0.17946219218749998 0.1811766703125 0.1941493171875 0.182324384375 0.1982421875 0.1831646375 0.2216796875 0.1851376703125 0.2236328125 0.1871107015625 0.23086562187499998 0.1873629953125 0.232421875 0.182178121875 0.2337017359375 0.16419610625 0.231053771875 0.1644282078125 0.2041015625 0.1614612828125 0.20012728750000003 0.1607529640625 0.1826171875 0.15948825 0.180740040625 0.1628443140625
0 0.27651925624999996 0.0713526484375 0.277985940625 0.0553948171875 0.2782268140625 0.05288354375 0.279939065625 0.0317184296875 0.25867675156250003 0.029808037500000002 0.2578036703125 0.0409625484375 0.24771250312499998 0.040597074999999996 0.2435470390625 0.04058380625 0.2413925453125 0.040820801562499995 0.23892344062499998 0.06525997812499999 0.23795367031249998 0.0665167515625 0.23501719062499998 0.10669365625 0.23427351093749998 0.10856085 0.231938609375 0.1356075203125 0.2321813796875 0.140531165625 0.243318375 0.1404539171875 0.24771250312499998 0.1412217203125 0.2714203375 0.141952384375 0.2721931921875 0.13537427500000002 0.285475771875 0.1360237609375 0.2851030796875 0.128265178125 0.2850555640625 0.1150182125 0.273245196875 0.11434922656249999 0.274314278125 0.10861934843750001 0.276032815625 0.0751251390625 0.27651925624999996 0.0713526484375
0 0.141412896875 0.0200452671875 0.13901474375 0.020262350000000002 0.139210259375 0.0367454328125 0.13989104218749998 0.0415381328125 0.144748996875 0.0409892015625 0.1484602765625 0.0409126890625 0.1533203125 0.041106314062499996 0.1904296875 0.03913328125 0.19203919375 0.0387481 0.19140625 0.026308571875 0.1915600921875 0.0179883296875 0.17715620468749999 0.0188486484375 0.1748046875 0.019402959375 0.141412896875 0.0200452671875
0 0.4261921578125 0.077810196875 0.4384765625 0.0845130234375 0.4449098484375 0.08689287812499999 0.447179084375 0.083185996875 0.44809509687500004 0.081322965625 0.45238535 0.073498140625 0.4554670625 0.06793781875 0.43583380937499994 0.0567792671875 0.43208565937500004 0.064725128125 0.4261921578125 0.077810196875
0 0.083867725 0.203961234375 0.11193122343749999 0.2086866109375 0.127115215625 0.21158908906249999 0.1328125 0.20388147656250002 0.134765625 0.18809721875000002 0.1318359375 0.1851376703125 0.0927734375 0.1811916046875 0.0859375 0.1841511546875 0.083984375 0.20388147656250002 0.083867725 0.203961234375
0 0.0358347234375 0.24023132343750003 0.0517578125 0.24235560625 0.0546875 0.2393960578125 0.056640625 0.2157196703125 0.0537109375 0.212760121875 0.0439453125 0.212760121875 0.04003805 0.21883303281250002 0.037109375 0.2295308953125 0.0358347234375 0.24023132343750003