0 0.58352110625 0.7236328125 0.6245824046874999 0.7763671875 0.6353365546874999 0.787109375 0.6392471546875 0.787109375 0.6509789546875 0.779296875 0.6724872546875 0.759765625 0.6803084546875 0.7578125 0.6988838046875 0.7431640625 0.6988838046875 0.7392578125 0.6949732046875 0.7333984375 0.6812861046875 0.7177734375 0.6930179046875 0.7041015625 0.6910626046874999 0.6982421875 0.6930179046875 0.6943359375 0.7135485546875 0.677734375 0.7203921046875 0.6708984375 0.7203921046875 0.6669921875 0.7047497046875 0.6455078125 0.6881296546875 0.62890625 0.6832414046874999 0.6298828125 0.6646660546875001 0.646484375 0.6568448546875 0.650390625 0.60405175625 0.69140625 0.58547640625 0.7080078125 0.58352110625 0.7138671875 0.58352110625 0.7236328125
0 0.8465089515625 1 0.847486603125 0.9970703125 0.8416207015625 0.9873046875 0.831844203125 0.9794921875 0.8298889031250001 0.9716796875 0.796648803125 0.9384765625 0.788827603125 0.9228515625 0.761453403125 0.8974609375 0.755587503125 0.8876953125 0.729190953125 0.859375 0.7223474046875 0.8603515625 0.7096379546875 0.87109375 0.7018167546875 0.873046875 0.7008391046875 0.8779296875 0.6891073046875 0.8896484375 0.6891073046875 0.8935546875 0.6988838046875 0.9072265625 0.7223474046875 0.9326171875 0.726258003125 0.9443359375 0.741900403125 0.9560546875 0.7477663031249999 0.9638671875 0.749721603125 0.9716796875 0.778073453125 1 0.8465089515625 1
0 0.61089530625 0.9912109375 0.5932976062499999 0.9755859375 0.59134230625 0.9697265625 0.56983400625 0.9482421875 0.55223630625 0.9248046875 0.5434374562500001 0.916015625 0.53659390625 0.9169921875 0.5013985078125 0.9521484375 0.53268330625 0.9873046875 0.54050450625 0.9990234375 0.6118729546874999 1 0.61285060625 0.9951171875 0.61089530625 0.9912109375
0 0.307823809375 0.8544921875 0.359639259375 0.919921875 0.365505159375 0.919921875 0.39874525781250003 0.89453125 0.4124323578125 0.90625 0.44762775781249997 0.880859375 0.4603372078125 0.8681640625 0.43100770781250003 0.8271484375 0.4173206078125 0.8134765625 0.4114547078125 0.8017578125 0.4036335078125 0.7939453125 0.3958123078125 0.7802734375 0.384080509375 0.7705078125 0.324443859375 0.81640625 0.318577959375 0.818359375 0.298047309375 0.8330078125 0.298047309375 0.8388671875 0.305868509375 0.8486328125 0.307823809375 0.8544921875
0 0.2638295609375 0.810546875 0.2902261109375 0.7919921875 0.2745837109375 0.7705078125 0.2726284109375 0.7646484375 0.26774016093749997 0.759765625 0.2667625109375 0.7607421875 0.2481871609375 0.7734375 0.23058946093750002 0.779296875 0.21396941093750002 0.7919921875 0.22374591093750001 0.8095703125 0.23645536093750003 0.826171875 0.2638295609375 0.810546875
0 0 0.9365234375 0.0018193640625 0.939453125 0.011595864062499999 0.939453125 0.013551164062500001 0.9375 0.035059464062500004 0.9375 0.0379924140625 0.9345703125 0.0379924140625 0.8955078125 0.0360371140625 0.8935546875 0.0360371140625 0.8779296875 0.0340818140625 0.8759765625 0.0340818140625 0.8681640625 0.031148864062499997 0.865234375 0.0018193640625 0.8671875 0 0.8720703125 0 0.9130859375 0.0008417140625 0.9150390625 0.0008417140625 0.9306640625 0 0.9326171875 0 0.9365234375
0 0.343019209375 0.7138671875 0.343019209375 0.7099609375 0.32151090937500004 0.6884765625 0.296092009375 0.6513671875 0.29315905937500003 0.6484375 0.2902261109375 0.6494140625 0.2638295609375 0.66796875 0.25503071093749996 0.6767578125 0.2902261109375 0.7255859375 0.306846159375 0.7421875 0.340086259375 0.716796875 0.343019209375 0.7138671875
0 0.2384106609375 0.734375 0.2569860109375 0.7158203125 0.2569860109375 0.7119140625 0.24916481093749998 0.7080078125 0.2403659609375 0.69140625 0.23645536093750003 0.689453125 0.2276565109375 0.6904296875 0.20712586093750002 0.712890625 0.1905058125 0.7255859375 0.1924611109375 0.7314453125 0.2090811609375 0.751953125 0.2149470609375 0.751953125 0.2384106609375 0.734375
0 0.62567821875 0.07322745625 0.6245824046874999 0.0771484375 0.6233658640625 0.07941536875 0.6226271046875 0.0849609375 0.621184575 0.0867083140625 0.6180634046875 0.0988121203125 0.6148059046875 0.1083984375 0.61285060625 0.1181640625 0.6275153546875 0.126953125 0.6517097046875 0.13359521875 0.6539119046875 0.1298828125 0.6539119046875 0.1259765625 0.6597778046875 0.1142578125 0.6617331046875 0.1025390625 0.6652850296875 0.09405620625 0.6667634437500001 0.0853536484375 0.6636884046875 0.0810546875 0.6636884046875 0.0771484375 0.6675990046875 0.0732421875 0.6675990046875 0.0634765625 0.6568448546875 0.056640625 0.6441354046875001 0.0576171875 0.6412024546875 0.060546875 0.6353365546874999 0.060546875 0.6333812546875001 0.05859375 0.6304483046875 0.0615234375 0.62849300625 0.0693359375 0.62567821875 0.07322745625
0 0.59525290625 0.0576171875 0.5957923296875001 0.0595447734375 0.59583725 0.06130824687500001 0.59134230625 0.0712890625 0.5905089390625 0.0766232390625 0.5980955828125001 0.0791083296875 0.60405175625 0.080078125 0.6064409515625 0.0814176265625 0.610457953125 0.08276804531250001 0.61449956875 0.08328866562500001 0.6196941546875 0.080078125 0.6226271046875 0.0751953125 0.6226271046875 0.0673828125 0.6245824046874999 0.0654296875 0.6245824046874999 0.0595703125 0.6254146375 0.053938414062499995 0.6265377046875 0.0458984375 0.6245824046874999 0.0439453125 0.6245824046874999 0.0419921875 0.6201884734374999 0.040715126562499995 0.6138282562499999 0.0390625 0.6118729546874999 0.037109375 0.6079623562500001 0.037109375 0.60600705625 0.03515625 0.600700971875 0.0357750640625 0.6005563656249999 0.0390432375 0.59916350625 0.0439453125 0.5983177234375 0.04566379375 0.59720820625 0.0498046875 0.5960489296875 0.0515129453125 0.59525290625 0.0576171875
0 0.6509789546875 0.001953125 0.6460907046875 0.0107421875 0.6384219625 0.018831778125 0.6369370109375 0.02724585625 0.6421801046875 0.0302734375 0.6705319546874999 0.041015625 0.6803084546875 0.041015625 0.6816992468749999 0.0353963796875 0.684129828125 0.0280887875 0.6891073046875 0.0205078125 0.6949732046875 0.0009765625 0.6607554546875 0 0.6588001546875 0.00390625 0.6509789546875 0.001953125
0 0.370393409375 0.0791015625 0.367460459375 0.076171875 0.359359890625 0.074513015625 0.345952159375 0.072265625 0.34236192499999996 0.08536988906250001 0.339108609375 0.1044921875 0.338294565625 0.10591279687499999 0.3331193 0.128074196875 0.35768395937499997 0.1328125 0.360905365625 0.11975225468749999 0.362572209375 0.1123046875 0.363371325 0.1067431796875 0.364527509375 0.1025390625 0.3661199296875 0.0971628296875 0.366482809375 0.0927734375 0.370393409375 0.0791015625
0 0.465639496875 0.1952128890625 0.44176185781250005 0.189453125 0.4303240546875 0.187161953125 0.4163429578125 0.18359375 0.413972240625 0.1869188765625 0.4114547078125 0.2001953125 0.408885396875 0.2098676296875 0.4065985453125 0.2195838609375 0.42220885781249995 0.22265625 0.4315347390625 0.22516478593749997 0.4398065578125 0.2265625 0.449386684375 0.22856784531250002 0.4574042578125 0.23046875 0.48868905781249994 0.240234375 0.49259965625 0.240234375 0.494188096875 0.2346998421875 0.49743246250000006 0.22233242656250002 0.4999649265625 0.20953623281249997 0.5013985078125 0.2041015625 0.4982599921875 0.2021503578125 0.48086785781249997 0.19921875 0.465639496875 0.1952128890625
0 0.8260420140625 0.704540921875 0.808380603125 0.6611328125 0.808380603125 0.6552734375 0.796648803125 0.6201171875 0.7891631421875 0.60711515625 0.78715289375 0.6067304578125 0.78478888125 0.605116615625 0.775140503125 0.5986328125 0.7683006125 0.5950546953125 0.748743953125 0.59375 0.745566421875 0.5937279203125 0.7073943093749999 0.5901031515625 0.7067050046875 0.5966796875 0.7067050046875 0.6064453125 0.7053884375 0.6093147890624999 0.7045153359375 0.6170575875 0.744833353125 0.623046875 0.75540103125 0.62583790625 0.7683516703125 0.6606539 0.7731852031249999 0.6708984375 0.77609215 0.681946409375 0.779051103125 0.6884765625 0.7998103109375 0.7394465328125001 0.804470003125 0.7509765625 0.8079672812500001 0.760026475 0.8122912031249999 0.7705078125 0.8144364015625 0.7752964046875 0.7878499531250001 0.7890625 0.786872303125 0.7939453125 0.79201148125 0.8042187796875 0.7945841031249999 0.808638446875 0.79944123125 0.8160511906249999 0.805447653125 0.814453125 0.8250006531249999 0.8046875 0.8298035703125001 0.80252770625 0.834777153125 0.80078125 0.8543301515625 0.791015625 0.8572631015625 0.7880859375 0.8572631015625 0.7841796875 0.8513972015625001 0.7724609375 0.8498907390625 0.7660483265625 0.847486603125 0.7626953125 0.8260420140625 0.704540921875
0 0.84679350625 0.6722017703125001 0.8294304390624999 0.678319759375 0.8259783015625001 0.6806640625 0.8259783015625001 0.6865234375 0.831844203125 0.7021484375 0.8279336031250001 0.7060546875 0.8279336031250001 0.7099609375 0.83092165 0.715854940625 0.8416207015625 0.7470703125 0.8445536515625 0.75 0.8504195515624999 0.75 0.8621513515625001 0.744140625 0.8719278515625 0.7421875 0.8769376484375 0.7392110234375 0.8689949015625 0.7197265625 0.860881325 0.70076355625 0.8553078015625 0.6884765625 0.8513972015625001 0.6748046875 0.84679350625 0.6722017703125001
0 0.8523748515625 0.65234375 0.8713172265625 0.65500104375 0.8956255203125 0.6596075765625 0.9062974859375 0.606112534375 0.8719278515625 0.6015625 0.8621513515625001 0.6015625 0.8553078015625 0.6103515625 0.8486085015624999 0.6481717796875001 0.8523748515625 0.65234375
0 0.8983244015625 0.6572265625 0.9012573515625 0.66015625 0.98533525 0.673828125 0.9978160718750001 0.675214378125 1 0.6689453125 0.9990223500000001 0.646484375 0.9149444515624999 0.6328125 0.9011982125 0.631255821875 0.9002797015624999 0.6357421875 0.8983244015625 0.6572265625
0 0.9043857421875 0.6317068109374999 0.9990223500000001 0.646484375 1 0.6220703125 0.9951117500000001 0.619140625 0.9077912765624999 0.6066421234375 0.9041903015624999 0.6162109375 0.9022350015624999 0.6298828125 0.9043857421875 0.6317068109374999
0 0.9765364 0.1162109375 0.97667605 0.1024470203125 0.9518093406249999 0.101468590625 0.9509204578125001 0.11639982812500001 0.9758027046875 0.11809995468750001 0.9765364 0.1162109375
0 0.24329891093749997 0.8837890625 0.2579636609375 0.900390625 0.2822469890625 0.88218989375 0.29007537499999997 0.8762558640625 0.288270809375 0.8740234375 0.272583634375 0.8557086734375 0.2660734796875 0.8596172859375001 0.2413436109375 0.8779296875 0.24329891093749997 0.8837890625
0 0.2159247109375 0.8916015625 0.2159247109375 0.8955078125 0.2345000609375 0.919921875 0.2421169984375 0.9167838156249999 0.2569860109375 0.9052734375 0.2594774078125 0.9031894921875001 0.2569860109375 0.8994140625 0.23715214843750002 0.874215734375 0.2269094578125 0.884516915625 0.2159247109375 0.8916015625
0 0.326399159375 1 0.327376809375 0.9970703125 0.289248459375 0.953125 0.2687178109375 0.9697265625 0.2687178109375 0.9736328125 0.291203759375 1 0.326399159375 1
0 0.23254476093749998 0.921875 0.23156711093750001 0.9248046875 0.26774016093749997 0.96875 0.2755613609375 0.96484375 0.29016620312499997 0.949592625 0.286315509375 0.9384765625 0.26480721093750004 0.9091796875 0.2618742609375 0.90625 0.2560083609375 0.90625 0.23254476093749998 0.921875
0 0.377236959375 0.99609375 0.38896875937500003 0.98828125 0.39702649375 0.9812575390625 0.38207670625 0.9605889703124999 0.37825825156250004 0.9620271140625001 0.37291045 0.955894465625 0.356706309375 0.9697265625 0.377236959375 0.99609375
0 0.4020471984375 0.96071388125 0.391901709375 0.9677734375 0.3948798859375 0.972328409375 0.399911475 0.9782715468750001 0.40231991562499997 0.9772411734374999 0.408659075 0.9726521078125 0.4109401609375 0.9705953546874999 0.41458749375000004 0.9677926296875 0.4134100078125 0.9658203125 0.41185699375 0.961689640625 0.40852175781250005 0.95703125 0.4065664578125 0.95703125 0.4020471984375 0.96071388125
0 0.1140881609375 0.8920382765625 0.112220628125 0.8607238031250001 0.09189776875 0.8623327312500001 0.0858972625 0.86328125 0.08743656250000001 0.893746965625 0.0893371375 0.8937454656250001 0.1140881609375 0.8920382765625
0 0.15787571875 0.971804371875 0.158097240625 0.9767774250000001 0.1895281609375 0.97265625 0.20328976718749997 0.969710140625 0.20028231093749999 0.9541015625 0.1973493609375 0.9453125 0.1781873140625 0.9475541828124999 0.1613855125 0.9490078437499999 0.155552378125 0.9504547546875 0.15787571875 0.971804371875
0 0.1562880625 0.94921875 0.194811896875 0.9453759421875001 0.1935405921875 0.9372840437500001 0.192773153125 0.9266868687500001 0.1666164109375 0.930372028125 0.1524856265625 0.9322644875 0.153636034375 0.9490776015625 0.1562880625 0.94921875
0 0.1895281609375 0.927734375 0.19236165 0.9262998265625001 0.19053766875 0.9139954609375 0.1680078625 0.9167505171875 0.158914990625 0.9174593453125001 0.162660571875 0.9307808234375001 0.1895281609375 0.927734375
0 0.1865952109375 0.8876953125 0.18531503124999998 0.8850977562500001 0.1502666625 0.8909619062499999 0.15813478593750002 0.9171218078125 0.1902755984375 0.9130706078124999 0.1865952109375 0.8876953125
0 0.16952621875 0.8016585015625 0.1676001140625 0.7898994484374999 0.1662432046875 0.7814505109375001 0.134929153125 0.7841643109375 0.1371586296875 0.7992537359375 0.1380424609375 0.8061094953125 0.16952621875 0.8016585015625
0 0.1562880625 0.78125 0.152593759375 0.7575258578125 0.1499430171875 0.7580201625 0.1354487890625 0.7587102390625 0.13685300625000002 0.7683195546875 0.1391230328125 0.7832357078125 0.1562880625 0.78125
0 0.1740024453125 0.8639791640625001 0.1796981609375 0.8634946093750001 0.1758410625 0.837890625 0.141367528125 0.8429828359375 0.1432268015625 0.859714190625 0.1442052484375 0.868131625 0.1740024453125 0.8639791640625001
0 0.1738857609375 0.837890625 0.1758992640625 0.8368996609374999 0.1698265875 0.8020755484375 0.1376001703125 0.8066953109374999 0.14265009687500002 0.8423640171875 0.1504221625 0.841796875 0.1738857609375 0.837890625
0 0.1836622609375 0.884765625 0.1809266640625 0.8693932640625001 0.1797516609375 0.86328125 0.1641092609375 0.865234375 0.148700246875 0.8679973593750001 0.1520328234375 0.890538109375 0.1836622609375 0.884765625
0 0.6921771062500001 0.8577411984375001 0.6979061546875001 0.85546875 0.7096379546875 0.84765625 0.730168603125 0.8310546875 0.772616984375 0.8016404859374999 0.761453403125 0.7841796875 0.742878053125 0.7578125 0.6617331046875 0.8134765625 0.6832414046874999 0.8466796875 0.6921771062500001 0.8577411984375001
0 0.9270448453125001 0.7366870109375 0.92239135625 0.7398756859375 0.92737704375 0.7496059265625 0.9256012453125001 0.7513302125 0.9296092015624999 0.7607421875 0.9325421515625001 0.763671875 0.936169759375 0.7624339124999999 0.9560057499999999 0.751953125 0.9600384203125 0.7499180765625 0.9589387 0.7470703125 0.9491622 0.7294921875 0.94622925 0.7265625 0.941363325 0.72972675625 0.9270448453125001 0.7366870109375
0 0.9335198 0.7880859375 0.93137700625 0.7897659890625001 0.936171796875 0.796424271875 0.9491622 0.8193359375 0.9540504500000001 0.82421875 0.9814246499999999 0.80859375 0.9874512046874999 0.8046921609375 0.9879967171875 0.803930109375 0.9863129 0.7998046875 0.9668284375 0.7683606796875 0.9603284984375 0.7724457671875 0.9335198 0.7880859375
0 0.9296092015624999 0.7783203125 0.9323736 0.7816901406250001 0.9364527515625 0.787109375 0.96187165 0.771484375 0.9677537015625 0.7675925203125 0.9655200265625 0.763580721875 0.95948068125 0.75203390625 0.930029871875 0.76999675 0.9264001499999999 0.772518375 0.9296092015624999 0.7783203125
0 0.8553078015625 0.7802734375 0.8596538296875 0.7908133078125 0.8777937515625001 0.794921875 0.9012573515625 0.80078125 0.9110338515624999 0.80078125 0.9247209515625 0.79296875 0.9325194625 0.7890561421875 0.9168997515624999 0.77734375 0.8727565984375 0.7664872609375 0.8543301515625 0.765625 0.8513972015625001 0.7685546875 0.8553078015625 0.7802734375
0 0.9100562015625 0.8037109375 0.9166275859375 0.8125547875000001 0.9219870625000001 0.8203905125000001 0.9214398828125001 0.8209305234375 0.9378493796875 0.8092825749999999 0.9416901531249999 0.8069105984375 0.9407232265625 0.8043503078124999 0.9325421515625001 0.7890625 0.9305868500000001 0.7890625 0.9100562015625 0.8017578125 0.9100562015625 0.8037109375
0 0.8113378671874999 0.210192484375 0.8119201140625 0.1998958125 0.8032714359375 0.19908641093749999 0.802373853125 0.20341747031250001 0.8023586500000001 0.2089916 0.8067187453125 0.210191921875 0.8113378671874999 0.210192484375
0 0.9442739515625 0.853515625 0.96382695 0.84765625 0.9667598999999999 0.8447265625 0.9648046000000001 0.8388671875 0.9403633499999999 0.80859375 0.9237433015625 0.8193359375 0.9256986015625 0.8271484375 0.9442739515625 0.853515625
0 0.9451044124999999 0.8544887937500001 0.9726258 0.9365234375 0.97555875 0.9375 0.9951117500000001 0.9296875 0.9980447 0.9267578125 0.9960894 0.9189453125 0.9670281078125 0.8464130453125 0.9598252374999999 0.8496200390625 0.9483259984375 0.8522049015625001 0.9451044124999999 0.8544887937500001
0 0.9990223500000001 0.951171875 0.9984098749999999 0.9275146281250001 0.9865496203124999 0.9342378437500001 0.9726258 0.9384765625 0.9795956953125 0.9559912546874999 0.9896646484374999 0.9533907921875 0.9990223500000001 0.951171875